0.000000000000000000e+00 2.500000000000000000e-01 4.064637003510698232e-01
1.001001001001001062e-01 2.488359063988126452e-01 3.936461468133701791e-01
2.002002002002002123e-01 2.456939846736128363e-01 3.812160570872928922e-01
3.003003003003003046e-01 2.410814326828516208e-01 3.692881073893877764e-01
4.004004004004004247e-01 2.354475810148057568e-01 3.579439709005302062e-01
5.005005005005005447e-01 2.291714723401687692e-01 3.472342992018999097e-01
6.006006006006006093e-01 2.225569951255286505e-01 3.371717079289096031e-01
7.007007007007007848e-01 2.158121902268776426e-01 3.277278387769011481e-01
8.008008008008008494e-01 2.090457650435326165e-01 3.188125610109152630e-01
9.009009009009009139e-01 2.022567683860402032e-01 3.102794371572079046e-01
1.001001001001001089e+00 1.953339961709547046e-01 3.019121439942649698e-01
1.101101101101101154e+00 1.880559914208380090e-01 2.934220289455310993e-01
1.201201201201201219e+00 1.800910442642598419e-01 2.844481100794114536e-01
1.301301301301301283e+00 1.709675136349177171e-01 2.745570761092709366e-01
1.401401401401401570e+00 1.600915954934701846e-01 2.632432863934330847e-01
1.501501501501501634e+00 1.467212120679728393e-01 2.499287709351826758e-01
1.601601601601601699e+00 1.298758979539346714e-01 2.339620503899889903e-01
1.701701701701701763e+00 1.083359932947088045e-01 2.146113619535584549e-01
1.801801801801801828e+00 8.064264378149264834e-02 1.908939170919881079e-01
1.901901901901902114e+00 4.508946157871931981e-02 1.614622478356551594e-01
2.002002002002002179e+00 -5.552941082212006774e-04 1.246022902668054433e-01
2.102102102102102243e+00 -5.862604780430195894e-02 7.811335466461208354e-02
2.202202202202202308e+00 -1.305278404897996514e-01 1.881002694721033153e-02
2.302302302302302373e+00 -2.145412121243124304e-01 -5.629193797713683001e-02
2.402402402402402437e+00 -3.029857681751867426e-01 -1.490286334303473903e-01
2.502502502502502502e+00 -3.827816621475458869e-01 -2.542023209246233595e-01
2.602602602602602566e+00 -4.427309906884696611e-01 -3.578232108972412284e-01
2.702702702702703075e+00 -4.801509292975071341e-01 -4.405616129176959661e-01
2.802802802802803139e+00 -4.996818547646423858e-01 -4.930192117033259103e-01
2.902902902902903204e+00 -5.074368188485112174e-01 -5.197755835030027916e-01
3.003003003003003268e+00 -5.081671382930403880e-01 -5.301546036704002374e-01
3.103103103103103333e+00 -5.047443343763901025e-01 -5.314307301006577777e-01
3.203203203203203397e+00 -4.986981674048563962e-01 -5.277827091646418722e-01
3.303303303303303462e+00 -4.908022374806081389e-01 -5.213285351333638573e-01
3.403403403403403527e+00 -4.814427993306215070e-01 -5.130740578769984461e-01
3.503503503503503591e+00 -4.708139655590651285e-01 -5.035126132269049926e-01
3.603603603603603656e+00 -4.590127426857519288e-01 -4.928781687043400361e-01
3.703703703703703720e+00 -4.460901671237136323e-01 -4.813264636027541066e-01
3.803803803803804229e+00 -4.321018443238621165e-01 -4.689400340579886195e-01
3.903903903903904293e+00 -4.170678495547885944e-01 -4.558147081320458316e-01
4.004004004004004358e+00 -4.010186021239023901e-01 -4.420444668098283958e-01
4.104104104104104422e+00 -3.840049625812500533e-01 -4.276998271433173904e-01
4.204204204204204487e+00 -3.660591572002188099e-01 -4.128926537971616684e-01
4.304304304304304551e+00 -3.472035628618259651e-01 -3.977503773859260572e-01
4.404404404404404616e+00 -3.274509455124535173e-01 -3.823695463782964543e-01
4.504504504504504681e+00 -3.068018551049185860e-01 -3.668591958153833987e-01
4.604604604604604745e+00 -2.852180909972064637e-01 -3.513431826767671740e-01
4.704704704704704810e+00 -2.626382346428994263e-01 -3.359393535514477169e-01
4.804804804804804874e+00 -2.390169089980084260e-01 -3.207413361650607864e-01
4.904904904904904939e+00 -2.141408096981388398e-01 -3.058257832022187039e-01
5.005005005005005003e+00 -1.876196065508412558e-01 -2.912288039173789311e-01
5.105105105105105068e+00 -1.588859435356092531e-01 -2.769458493177894276e-01
5.205205205205205132e+00 -1.271954388038816774e-01 -2.629297787862069358e-01
5.305305305305305197e+00 -9.162668467904039327e-02 -2.490276798709078476e-01
5.405405405405406150e+00 -5.108124765641258724e-02 -2.351049600032606990e-01
5.505505505505506214e+00 -4.214938710238286257e-03 -2.209202057765906890e-01
5.605605605605606279e+00 5.061518988014276910e-02 -2.060544914056137156e-01
5.705705705705706343e+00 1.143048279145267576e-01 -1.899113787264393727e-01
5.805805805805806408e+00 1.858758979825165247e-01 -1.717169171965696739e-01
5.905905905905906472e+00 2.609503578628982745e-01 -1.505196438948968596e-01
6.006006006006006537e+00 3.314506688214934882e-01 -1.251905835217083096e-01
6.106106106106106601e+00 3.892568674100155279e-01 -9.440171822824086623e-02
6.206206206206206666e+00 4.301189007707328926e-01 -5.621157402295039879e-02
6.306306306306306730e+00 4.552213679229865639e-01 -8.225552265649426625e-03
6.406406406406406795e+00 4.685874969988749750e-01 5.209940211359276319e-02
6.506506506506506859e+00 4.744459851570960174e-01 1.265262972230032923e-01
6.606606606606606924e+00 4.759469781680708556e-01 2.134012623586750146e-01
6.706706706706706989e+00 4.749835052052607809e-01 3.047172026974743764e-01
6.806806806806807053e+00 4.726411988923148177e-01 3.871026126577921112e-01
6.906906906906907118e+00 4.694777701358653910e-01 4.485062118708055268e-01
7.007007007007007182e+00 4.657261480607051696e-01 4.865224031958447770e-01
7.107107107107107247e+00 4.614402382187972051e-01 5.063788255227276158e-01
7.207207207207207311e+00 4.565654818758629885e-01 5.146347539204120247e-01
7.307307307307307376e+00 4.509797322741875836e-01 5.161788986819751957e-01
7.407407407407407440e+00 4.445685045857859508e-01 5.138429585732042781e-01
7.507507507507508393e+00 4.371892515738210472e-01 5.091097912938309378e-01
7.607607607607608458e+00 4.286508461261616665e-01 5.027005073174218852e-01
7.707707707707708522e+00 4.188089326921174416e-01 4.949566872011041951e-01
7.807807807807808587e+00 4.075386387718544223e-01 4.860145485368554952e-01
7.907907907907908651e+00 3.946840274689963901e-01 4.759439875205495052e-01
8.008008008008008716e+00 3.800687341581753809e-01 4.647566097562914611e-01
8.108108108108108780e+00 3.635359209553339910e-01 4.524642434439902772e-01
8.208208208208208845e+00 3.448915786443714770e-01 4.390861522311252374e-01
8.308308308308308909e+00 3.238694847418950307e-01 4.246170507400038874e-01
8.408408408408408974e+00 3.001385023289637188e-01 4.090680339006494415e-01
8.508508508508509038e+00 2.734207034361413324e-01 3.924753239624090284e-01
8.608608608608609103e+00 2.430077463443374441e-01 3.748612909624673417e-01
8.708708708708709167e+00 2.077754972389346810e-01 3.562342030381947522e-01
8.808808808808809232e+00 1.662769322531791605e-01 3.365954256000294187e-01
8.908908908908909297e+00 1.167421374681790469e-01 3.159333756640549939e-01
9.009009009009009361e+00 5.707830891290796571e-02 2.942179506150802704e-01
9.109109109109109426e+00 -1.512986283125273938e-02 2.713621507349254780e-01
9.209209209209209490e+00 -1.020511682841060280e-01 2.473102297771468672e-01
9.309309309309309555e+00 -2.018924854214863562e-01 2.218631707117179330e-01
9.409409409409409619e+00 -3.046977873882586452e-01 1.946375935646350586e-01
9.509509509509509684e+00 -3.932292755460321532e-01 1.650657554179149888e-01
9.609609609609609748e+00 -4.552467146209918103e-01 1.323955504095917779e-01
9.709709709709709813e+00 -4.896595411405579856e-01 9.569050973372406066e-02
9.809809809809809877e+00 -5.038414327621345556e-01 5.382980164038594917e-02
9.909909909909909942e+00 -5.059263405261790192e-01 5.498099740957686915e-03
1.001001001001001001e+01 -5.015129234782792489e-01 -5.088375224834060240e-02
1.011011011011011007e+01 -4.937290271561912691e-01 -1.161417780872299466e-01
1.021021021021021014e+01 -4.842340680608352432e-01 -1.890650420616324379e-01
1.031031031031031020e+01 -4.739418667105729788e-01 -2.648063503085454351e-01
1.041041041041041026e+01 -4.633568784075843827e-01 -3.342547816332534505e-01
1.051051051051051033e+01 -4.528254154771784723e-01 -3.905482015951652341e-01
1.061061061061061039e+01 -4.425553014704928234e-01 -4.312488287116480468e-01
1.071071071071071223e+01 -4.327226084751368829e-01 -4.577348351512955382e-01
1.081081081081081230e+01 -4.234421840707952023e-01 -4.733473276293482246e-01
1.091091091091091236e+01 -4.147810150679621111e-01 -4.802755532324960441e-01
1.101101101101101243e+01 -4.067789297542417359e-01 -4.821138967030039746e-01
1.111111111111111249e+01 -3.994204819238584836e-01 -4.811748035511339006e-01
1.121121121121121256e+01 -3.926473026213108120e-01 -4.787708680344950340e-01
1.131131131131131262e+01 -3.863498443556285245e-01 -4.755762637873512388e-01
1.141141141141141269e+01 -3.803625421345851465e-01 -4.718914317833384220e-01
1.151151151151151275e+01 -3.744645946755925658e-01 -4.678065833566105725e-01
1.161161161161161282e+01 -3.684205719472567475e-01 -4.632843001447518039e-01
1.171171171171171288e+01 -3.619728142692666406e-01 -4.582179252944093562e-01
1.181181181181181294e+01 -3.548215591890108711e-01 -4.524651132388498032e-01
1.191191191191191301e+01 -3.466249021213095860e-01 -4.458990841832983776e-01
1.201201201201201307e+01 -3.370000707658010186e-01 -4.383456396245881126e-01
1.211211211211211314e+01 -3.256024205634110436e-01 -4.296240788641327857e-01
1.221221221221221320e+01 -3.121052398560995034e-01 -4.196147878658039176e-01
1.231231231231231327e+01 -2.960678733815142460e-01 -4.081736488931323459e-01
1.241241241241241333e+01 -2.769330374514378801e-01 -3.951345677293248149e-01
1.251251251251251340e+01 -2.540268142634671822e-01 -3.803519768449430405e-01
1.261261261261261346e+01 -2.265311587137108507e-01 -3.636690820588628914e-01
1.271271271271271353e+01 -1.932675749859068259e-01 -3.448789637628687510e-01
1.281281281281281359e+01 -1.524911366573889204e-01 -3.237195886522366561e-01
1.291291291291291365e+01 -1.018677919861467607e-01 -2.998560776536107753e-01
1.301301301301301372e+01 -3.849151482874606234e-02 -2.729187612302168553e-01
1.311311311311311378e+01 4.121289439832416523e-02 -2.422541199985712712e-01
1.321321321321321385e+01 1.390974638772780603e-01 -2.068776474590908188e-01
1.331331331331331391e+01 2.507430291620466600e-01 -1.654738499960884401e-01
1.341341341341341398e+01 3.599386291523183345e-01 -1.163962468777820780e-01
1.351351351351351404e+01 4.457053304269786853e-01 -5.749034525691140707e-02
1.361361361361361411e+01 4.982102225039940491e-01 1.412049056587828810e-02
1.371371371371371417e+01 5.232253464700643564e-01 1.003607651875954992e-01
1.381381381381381424e+01 5.313398790121039994e-01 1.994676754072439717e-01
1.391391391391391430e+01 5.304622629809347956e-01 3.017851638075656484e-01
1.401401401401401436e+01 5.248224307315466630e-01 3.903560515093199568e-01
1.411411411411411443e+01 5.165472199835986489e-01 4.525359389092108442e-01
1.421421421421421449e+01 5.066746244629908302e-01 4.870708737902927910e-01
1.431431431431431456e+01 4.957209105520419268e-01 5.014218165480912592e-01
1.441441441441441462e+01 4.839967316727420421e-01 5.036584166322146672e-01
1.451451451451451469e+01 4.716782758156945476e-01 4.993647127218371895e-01
1.461461461461461475e+01 4.589404795230767609e-01 4.916642944481621758e-01
1.471471471471471482e+01 4.459095895688460764e-01 4.822372128298370031e-01
1.481481481481481488e+01 4.327188169120288475e-01 4.720055665895806496e-01
1.491491491491491495e+01 4.195295189371164302e-01 4.614943813984445087e-01
1.501501501501501679e+01 4.064637003510698232e-01 4.510411012965739874e-01
1.511511511511511685e+01 3.936461468133701791e-01 4.408653775693809340e-01
1.521521521521521692e+01 3.812160570872928922e-01 4.311429546256493328e-01
1.531531531531531698e+01 3.692881073893877764e-01 4.219744379569679849e-01
1.541541541541541704e+01 3.579439709005302062e-01 4.134341129930130809e-01
1.551551551551551711e+01 3.472342992018999097e-01 4.055528849960616800e-01
1.561561561561561717e+01 3.371717079289096031e-01 3.983081448114779155e-01
1.571571571571571724e+01 3.277278387769011481e-01 3.916313675696911911e-01
1.581581581581581730e+01 3.188125610109152630e-01 3.854007243750579570e-01
1.591591591591591737e+01 3.102794371572079046e-01 3.794368361846842674e-01
1.601601601601601743e+01 3.019121439942649698e-01 3.735335749481581979e-01
1.611611611611611750e+01 2.934220289455310993e-01 3.674577380628957224e-01
1.621621621621621756e+01 2.844481100794114536e-01 3.609300578976146756e-01
1.631631631631631763e+01 2.745570761092709366e-01 3.536251733329384139e-01
1.641641641641641769e+01 2.632432863934330847e-01 3.451831743113545903e-01
1.651651651651651775e+01 2.499287709351826758e-01 3.352972514266899795e-01
1.661661661661661782e+01 2.339620503899889903e-01 3.236350417178439631e-01
1.671671671671671788e+01 2.146113619535584549e-01 3.097912363695990989e-01
1.681681681681681795e+01 1.908939170919881079e-01 2.932890355817769357e-01
1.691691691691691801e+01 1.614622478356551594e-01 2.735827674628201756e-01
1.701701701701701808e+01 1.246022902668054433e-01 2.500649207349978642e-01
1.711711711711711814e+01 7.811335466461208354e-02 2.218224747473817593e-01
1.721721721721721821e+01 1.881002694721033153e-02 1.874699470810853308e-01
1.731731731731731827e+01 -5.629193797713683001e-02 1.451447089333919027e-01
1.741741741741741833e+01 -1.490286334303473903e-01 9.250698511775812261e-02
1.751751751751751840e+01 -2.542023209246233595e-01 2.668109730766703158e-02
1.761761761761761846e+01 -3.578232108972412284e-01 -5.597200349729812563e-02
1.771771771771771853e+01 -4.405616129176959661e-01 -1.566887687866903855e-01
1.781781781781781859e+01 -4.930192117033259103e-01 -2.692101661316394501e-01
1.791791791791791866e+01 -5.197755835030027916e-01 -3.759342582744279460e-01
1.801801801801801872e+01 -5.301546036704002374e-01 -4.564105636335940019e-01
1.811811811811811879e+01 -5.314307301006577777e-01 -5.036473731016385402e-01
1.821821821821821885e+01 -5.277827091646418722e-01 -5.252353905968532022e-01
1.831831831831831892e+01 -5.213285351333638573e-01 -5.315167590815665921e-01
1.841841841841841898e+01 -5.130740578769984461e-01 -5.296628597684084339e-01
1.851851851851851904e+01 -5.035126132269049926e-01 -5.234952792058308324e-01
1.861861861861861911e+01 -4.928781687043400361e-01 -5.149054667431639531e-01
1.871871871871871917e+01 -4.813264636027541066e-01 -5.048272271159631730e-01
1.881881881881881924e+01 -4.689400340579886195e-01 -4.937310538334155341e-01
1.891891891891891930e+01 -4.558147081320458316e-01 -4.818906378649364664e-01
1.901901901901901937e+01 -4.420444668098283958e-01 -4.694921639163889271e-01
1.911911911911911943e+01 -4.276998271433173904e-01 -4.566938060679598954e-01
1.921921921921921950e+01 -4.128926537971616684e-01 -4.436172967307657755e-01
1.931931931931931956e+01 -3.977503773859260572e-01 -4.304223235856903806e-01
1.941941941941941963e+01 -3.823695463782964543e-01 -4.172417175317361671e-01
1.951951951951951969e+01 -3.668591958153833987e-01 -4.041970788012249072e-01
1.961961961961961975e+01 -3.513431826767671740e-01 -3.914328192580528998e-01
1.971971971971971982e+01 -3.359393535514477169e-01 -3.790831141993968867e-01
1.981981981981981988e+01 -3.207413361650607864e-01 -3.672459605811523864e-01
1.991991991991991995e+01 -3.058257832022187039e-01 -3.559982468147176449e-01
2.002002002002002001e+01 -2.912288039173789311e-01 -3.453883657521804040e-01
2.012012012012012008e+01 -2.769458493177894276e-01 -3.354324227320600316e-01
2.022022022022022014e+01 -2.629297787862069358e-01 -3.260876631166734207e-01
2.032032032032032021e+01 -2.490276798709078476e-01 -3.172503311889784405e-01
2.042042042042042027e+01 -2.351049600032606990e-01 -3.087526624547618503e-01
2.052052052052052034e+01 -2.209202057765906890e-01 -3.003622052757277672e-01
2.062062062062062040e+01 -2.060544914056137156e-01 -2.917818208695001636e-01
2.072072072072072046e+01 -1.899113787264393727e-01 -2.826496833096240335e-01
2.082082082082082053e+01 -1.717169171965696739e-01 -2.725392795255621725e-01
2.092092092092092059e+01 -1.505196438948968596e-01 -2.609451100800446732e-01
2.102102102102102066e+01 -1.251905835217083096e-01 -2.473154121923942794e-01
2.112112112112112072e+01 -9.440171822824086623e-02 -2.309981371837598330e-01
2.122122122122122079e+01 -5.621157402295039879e-02 -2.111350188756598856e-01
2.132132132132132085e+01 -8.225552265649426625e-03 -1.866596947218968905e-01
2.142142142142142447e+01 5.209940211359276319e-02 -1.562948917704809204e-01
2.152152152152152453e+01 1.265262972230032923e-01 -1.182299060621726516e-01
2.162162162162162460e+01 2.134012623586750146e-01 -6.993644969488753416e-02
2.172172172172172466e+01 3.047172026974743764e-01 -8.491748630825135535e-03
2.182182182182182473e+01 3.871026126577921112e-01 6.909125923426871763e-02
2.192192192192192479e+01 4.485062118708055268e-01 1.640776179889191499e-01
2.202202202202202486e+01 4.865224031958447770e-01 2.703893522767497615e-01
2.212212212212212492e+01 5.063788255227276158e-01 3.721422213303702264e-01
2.222222222222222499e+01 5.146347539204120247e-01 4.508207923830445107e-01
2.232232232232232505e+01 5.161788986819751957e-01 4.997303710019861400e-01
2.242242242242242511e+01 5.138429585732042781e-01 5.239512872426972390e-01
2.252252252252252518e+01 5.091097912938309378e-01 5.327485521076144037e-01
2.262262262262262524e+01 5.027005073174218852e-01 5.331204812953643790e-01
2.272272272272272531e+01 4.949566872011041951e-01 5.289638096727102834e-01
2.282282282282282537e+01 4.860145485368554952e-01 5.222032529535267642e-01
2.292292292292292544e+01 4.759439875205495052e-01 5.137559264427283834e-01
2.302302302302302550e+01 4.647566097562914611e-01 5.040581626523364944e-01
2.312312312312312557e+01 4.524642434439902772e-01 4.933338438789013902e-01
2.322322322322322563e+01 4.390861522311252374e-01 4.817179878791363890e-01
2.332332332332332570e+01 4.246170507400038874e-01 4.693079828027086342e-01
2.342342342342342576e+01 4.090680339006494415e-01 4.561785136224885684e-01
2.352352352352352582e+01 3.924753239624090284e-01 4.424423191680850742e-01
2.362362362362362589e+01 3.748612909624673417e-01 4.281815256106474843e-01
2.372372372372372595e+01 3.562342030381947522e-01 4.134872585172935100e-01
2.382382382382382602e+01 3.365954256000294187e-01 3.984923833020729833e-01
2.392392392392392608e+01 3.159333756640549939e-01 3.833212525673216908e-01
2.402402402402402615e+01 2.942179506150802704e-01 3.680792692818042888e-01
2.412412412412412621e+01 2.713621507349254780e-01 3.528797861526454804e-01
2.422422422422422628e+01 2.473102297771468672e-01 3.378415164631545786e-01
2.432432432432432634e+01 2.218631707117179330e-01 3.230641440997092384e-01
2.442442442442442641e+01 1.946375935646350586e-01 3.086254522421899016e-01
2.452452452452452647e+01 1.650657554179149888e-01 2.945717983690850916e-01
2.462462462462462653e+01 1.323955504095917779e-01 2.808941227505938887e-01
2.472472472472472660e+01 9.569050973372406066e-02 2.675279484486200454e-01
2.482482482482482666e+01 5.382980164038594917e-02 2.543533813167751512e-01
2.492492492492492673e+01 5.498099740957686915e-03 2.411834878611130994e-01
2.502502502502502679e+01 -5.088375224834060240e-02 2.277219524978152942e-01
2.512512512512512686e+01 -1.161417780872299466e-01 2.135921028192926951e-01
2.522522522522522692e+01 -1.890650420616324379e-01 1.982604264529866378e-01
2.532532532532532699e+01 -2.648063503085454351e-01 1.810282584877525025e-01
2.542542542542542705e+01 -3.342547816332534505e-01 1.610317814738639330e-01
2.552552552552552712e+01 -3.905482015951652341e-01 1.372328352570769683e-01
2.562562562562562718e+01 -4.312488287116480468e-01 1.081876849245406863e-01
2.572572572572572724e+01 -4.577348351512955382e-01 7.199227628572009430e-02
2.582582582582582731e+01 -4.733473276293482246e-01 2.640947173259294845e-02
2.592592592592592737e+01 -4.802755532324960441e-01 -3.105415026007374638e-02
2.602602602602602744e+01 -4.821138967030039746e-01 -1.027531513506547839e-01
2.612612612612612750e+01 -4.811748035511339006e-01 -1.883788694164801880e-01
2.622622622622622757e+01 -4.787708680344950340e-01 -2.818170986488477414e-01
2.632632632632632763e+01 -4.755762637873512388e-01 -3.696773363546757007e-01
2.642642642642642770e+01 -4.718914317833384220e-01 -4.383571105212842878e-01
2.652652652652652776e+01 -4.678065833566105725e-01 -4.825530665598433688e-01
2.662662662662662783e+01 -4.632843001447518039e-01 -5.062161360821991751e-01
2.672672672672672789e+01 -4.582179252944093562e-01 -5.164577759558011127e-01
2.682682682682682795e+01 -4.524651132388498032e-01 -5.189610414142104000e-01
2.692692692692692802e+01 -4.458990841832983776e-01 -5.170446745204367867e-01
2.702702702702702808e+01 -4.383456396245881126e-01 -5.124696904401069286e-01
2.712712712712712815e+01 -4.296240788641327857e-01 -5.060999379528388076e-01
2.722722722722722821e+01 -4.196147878658039176e-01 -4.983469183091147059e-01
2.732732732732732828e+01 -4.081736488931323459e-01 -4.893833072018892727e-01
2.742742742742742834e+01 -3.951345677293248149e-01 -4.792998730801228402e-01
2.752752752752752841e+01 -3.803519768449430405e-01 -4.681192882284896939e-01
2.762762762762762847e+01 -3.636690820588628914e-01 -4.558727196493703171e-01
2.772772772772772854e+01 -3.448789637628687510e-01 -4.425762695848371453e-01
2.782782782782782860e+01 -3.237195886522366561e-01 -4.282363234981898525e-01
2.792792792792792866e+01 -2.998560776536107753e-01 -4.128889803579798290e-01
2.802802802802802873e+01 -2.729187612302168553e-01 -3.965809744885355759e-01
2.812812812812812879e+01 -2.422541199985712712e-01 -3.793326429278281453e-01
2.822822822822822886e+01 -2.068776474590908188e-01 -3.611681877617732295e-01
2.832832832832832892e+01 -1.654738499960884401e-01 -3.421167880656978966e-01
2.842842842842842899e+01 -1.163962468777820780e-01 -3.222056045664302149e-01
2.852852852852852905e+01 -5.749034525691140707e-02 -3.014175641931125527e-01
2.862862862862862912e+01 1.412049056587828810e-02 -2.797504533720631681e-01
2.872872872872872918e+01 1.003607651875954992e-01 -2.571292950737933403e-01
2.882882882882882924e+01 1.994676754072439717e-01 -2.333884325480108934e-01
2.892892892892892931e+01 3.017851638075656484e-01 -2.082715293236104270e-01
2.902902902902902937e+01 3.903560515093199568e-01 -1.814315692086776455e-01
2.912912912912912944e+01 4.525359389092108442e-01 -1.524061425170411543e-01
2.922922922922922950e+01 4.870708737902927910e-01 -1.204574718628764335e-01
2.932932932932932957e+01 5.014218165480912592e-01 -8.459239182404741653e-02
2.942942942942942963e+01 5.036584166322146672e-01 -4.355766363057282653e-02
2.952952952952952970e+01 4.993647127218371895e-01 4.136257921531938386e-03
2.962962962962962976e+01 4.916642944481621758e-01 6.011552239839612621e-02
2.972972972972972983e+01 4.822372128298370031e-01 1.249100278022677452e-01
2.982982982982982989e+01 4.720055665895806496e-01 1.973091864945795137e-01
2.992992992992993351e+01 4.614943813984445087e-01 2.721317457368346848e-01
3.003003003003003357e+01 4.510411012965739874e-01 3.412766351099296713e-01
3.013013013013013364e+01 4.408653775693809340e-01 3.966964396405938120e-01
3.023023023023023370e+01 4.311429546256493328e-01 4.350022558306928522e-01
3.033033033033033377e+01 4.219744379569679849e-01 4.579483263043706565e-01
3.043043043043043383e+01 4.134341129930130809e-01 4.699704732799893092e-01
3.053053053053053389e+01 4.055528849960616800e-01 4.750399314651839178e-01
3.063063063063063396e+01 3.983081448114779155e-01 4.761279947928662715e-01
3.073073073073073402e+01 3.916313675696911911e-01 4.749572678387717350e-01
3.083083083083083409e+01 3.854007243750579570e-01 4.724989853285556096e-01
3.093093093093093415e+01 3.794368361846842674e-01 4.692417768057081107e-01
3.103103103103103422e+01 3.735335749481581979e-01 4.653850169797646985e-01
3.113113113113113428e+01 3.674577380628957224e-01 4.609560146172015371e-01
3.123123123123123435e+01 3.609300578976146756e-01 4.558889369739191899e-01
3.133133133133133441e+01 3.536251733329384139e-01 4.500687930668592629e-01
3.143143143143143448e+01 3.451831743113545903e-01 4.433729286979454232e-01
3.153153153153153454e+01 3.352972514266899795e-01 4.356353092345716105e-01
3.163163163163163460e+01 3.236350417178439631e-01 4.266951112365561793e-01
3.173173173173173467e+01 3.097912363695990989e-01 4.164302515740115895e-01
3.183183183183183473e+01 2.932890355817769357e-01 4.046937525893137266e-01
3.193193193193193480e+01 2.735827674628201756e-01 3.913151499695481927e-01
3.203203203203203486e+01 2.500649207349978642e-01 3.761473379301160103e-01
3.213213213213213493e+01 2.218224747473817593e-01 3.590261935855127984e-01
3.223223223223223499e+01 1.874699470810853308e-01 3.397314757560727094e-01
3.233233233233233506e+01 1.451447089333919027e-01 3.179844317885330285e-01
3.243243243243243512e+01 9.250698511775812261e-02 2.934378318880765946e-01
3.253253253253253519e+01 2.668109730766703158e-02 2.656696250296551876e-01
3.263263263263263525e+01 -5.597200349729812563e-02 2.339465453321687982e-01
3.273273273273273531e+01 -1.566887687866903855e-01 1.971786395477564680e-01
3.283283283283283538e+01 -2.692101661316394501e-01 1.539192670618039493e-01
3.293293293293293544e+01 -3.759342582744279460e-01 1.023650998929374334e-01
3.303303303303303551e+01 -4.564105636335940019e-01 4.027826672624411353e-02
3.313313313313313557e+01 -5.036473731016385402e-01 -3.524301079062432118e-02
3.323323323323323564e+01 -5.252353905968532022e-01 -1.255504348676383386e-01
3.333333333333333570e+01 -5.315167590815665921e-01 -2.271131779387915994e-01
3.343343343343343577e+01 -5.296628597684084339e-01 -3.278200660599660532e-01
3.353353353353353583e+01 -5.234952792058308324e-01 -4.103241047805478714e-01
3.363363363363363590e+01 -5.149054667431639531e-01 -4.643136815013818586e-01
3.373373373373373596e+01 -5.048272271159631730e-01 -4.922374267249637336e-01
3.383383383383383602e+01 -4.937310538334155341e-01 -5.024644657419495841e-01
3.393393393393393609e+01 -4.818906378649364664e-01 -5.024359689920391281e-01
3.403403403403403615e+01 -4.694921639163889271e-01 -4.969317049522625207e-01
3.413413413413413622e+01 -4.566938060679598954e-01 -4.885828535960459185e-01
3.423423423423423628e+01 -4.436172967307657755e-01 -4.787960590083046863e-01
3.433433433433433635e+01 -4.304223235856903806e-01 -4.683545860318281684e-01
3.443443443443443641e+01 -4.172417175317361671e-01 -4.577246875162807038e-01
3.453453453453453648e+01 -4.041970788012249072e-01 -4.472021601805238888e-01
3.463463463463463654e+01 -3.914328192580528998e-01 -4.369941528598667024e-01
3.473473473473473661e+01 -3.790831141993968867e-01 -4.272626231242954153e-01
3.483483483483483667e+01 -3.672459605811523864e-01 -4.181010777276853441e-01
3.493493493493493673e+01 -3.559982468147176449e-01 -4.095779267771520460e-01
3.503503503503503680e+01 -3.453883657521804040e-01 -4.017163718158834329e-01
3.513513513513513686e+01 -3.354324227320600316e-01 -3.944875354334740347e-01
3.523523523523523693e+01 -3.260876631166734207e-01 -3.878158124113094685e-01
3.533533533533533699e+01 -3.172503311889784405e-01 -3.815713337338984545e-01
3.543543543543543706e+01 -3.087526624547618503e-01 -3.755674865726779665e-01
3.553553553553553712e+01 -3.003622052757277672e-01 -3.695872343576055430e-01
3.563563563563563719e+01 -2.917818208695001636e-01 -3.633891564217645587e-01
3.573573573573573725e+01 -2.826496833096240335e-01 -3.566875817107450497e-01
3.583583583583583732e+01 -2.725392795255621725e-01 -3.491523685617308193e-01
3.593593593593593738e+01 -2.609451100800446732e-01 -3.404139349393186520e-01
3.603603603603603744e+01 -2.473154121923942794e-01 -3.301438826203998977e-01
3.613613613613613751e+01 -2.309981371837598330e-01 -3.180063623406579332e-01
3.623623623623623757e+01 -2.111350188756598856e-01 -3.035797088527216192e-01
3.633633633633633764e+01 -1.866596947218968905e-01 -2.863561388343460190e-01
3.643643643643643770e+01 -1.562948917704809204e-01 -2.657428997466083631e-01
3.653653653653653777e+01 -1.182299060621726516e-01 -2.410626091273815330e-01
3.663663663663663783e+01 -6.993644969488753416e-02 -2.113158965039587667e-01
3.673673673673673790e+01 -8.491748630825135535e-03 -1.749937017312251930e-01
3.683683683683683796e+01 6.909125923426871763e-02 -1.300701715989863172e-01
3.693693693693693803e+01 1.640776179889191499e-01 -7.400265983195286612e-02
3.703703703703703809e+01 2.703893522767497615e-01 -3.663289400549496477e-03
3.713713713713713815e+01 3.721422213303702264e-01 8.434369523412979519e-02
3.723723723723723822e+01 4.508207923830445107e-01 1.897154965085596778e-01
3.733733733733733828e+01 4.997303710019861400e-01 3.026812822275457560e-01
3.743743743743743835e+01 5.239512872426972390e-01 4.034270527274393392e-01
3.753753753753753841e+01 5.327485521076144037e-01 4.740672225933416639e-01
3.763763763763763848e+01 5.331204812953643790e-01 5.126406086239788662e-01
3.773773773773773854e+01 5.289638096727102834e-01 5.287162214892791035e-01
3.783783783783783861e+01 5.222032529535267642e-01 5.320354753230761569e-01
3.793793793793793867e+01 5.137559264427283834e-01 5.286573851992353301e-01
3.803803803803803874e+01 5.040581626523364944e-01 5.216853151684343048e-01
3.813813813813813880e+01 4.933338438789013902e-01 5.126361087715620712e-01
3.823823823823823886e+01 4.817179878791363890e-01 5.022668024300024348e-01
3.833833833833833893e+01 4.693079828027086342e-01 4.909628407458289656e-01
3.843843843843843899e+01 4.561785136224885684e-01 4.789651886503393241e-01
3.853853853853853906e+01 4.424423191680850742e-01 4.664354879085361172e-01
3.863863863863863912e+01 4.281815256106474843e-01 4.535341852668859919e-01
3.873873873873873919e+01 4.134872585172935100e-01 4.403755407163038038e-01
3.883883883883883925e+01 3.984923833020729833e-01 4.271087585584142921e-01
3.893893893893893932e+01 3.833212525673216908e-01 4.138827019114934558e-01
3.903903903903903938e+01 3.680792692818042888e-01 4.008145802094517651e-01
3.913913913913913944e+01 3.528797861526454804e-01 3.880349008939723010e-01
3.923923923923923951e+01 3.378415164631545786e-01 3.756820414049103496e-01
3.933933933933933957e+01 3.230641440997092384e-01 3.638554840791938805e-01
3.943943943943943964e+01 3.086254522421899016e-01 3.526293269817640241e-01
3.953953953953953970e+01 2.945717983690850916e-01 3.420418816357030378e-01
3.963963963963963977e+01 2.808941227505938887e-01 3.320933844729383466e-01
3.973973973973973983e+01 2.675279484486200454e-01 3.227360366777989320e-01
3.983983983983983990e+01 2.543533813167751512e-01 3.138608406041545340e-01
3.993993993993993996e+01 2.411834878611130994e-01 3.053025988838510285e-01
4.004004004004004003e+01 2.277219524978152942e-01 2.968213037269060162e-01
4.014014014014014009e+01 2.135921028192926951e-01 2.881017604306320701e-01
4.024024024024024015e+01 1.982604264529866378e-01 2.787535873796334607e-01
4.034034034034034022e+01 1.810282584877525025e-01 2.683112160458075435e-01
4.044044044044044028e+01 1.610317814738639330e-01 2.562338909883471461e-01
4.054054054054054035e+01 1.372328352570769683e-01 2.419056698537363215e-01
4.064064064064064041e+01 1.081876849245406863e-01 2.246337716100841320e-01
4.074074074074074048e+01 7.199227628572009430e-02 2.036069249237642820e-01
4.084084084084084054e+01 2.640947173259294845e-02 1.777047571807391368e-01
4.094094094094094061e+01 -3.105415026007374638e-02 1.454229516007715939e-01
4.104104104104104067e+01 -1.027531513506547839e-01 1.048837592290730314e-01
4.114114114114114074e+01 -1.883788694164801880e-01 5.342088610347645039e-02
4.124124124124124080e+01 -2.818170986488477414e-01 -1.218191872665019826e-02
4.134134134134134086e+01 -3.696773363546757007e-01 -9.465987519282664797e-02
4.144144144144144093e+01 -4.383571105212842878e-01 -1.937098255471126629e-01
4.154154154154154099e+01 -4.825530665598433688e-01 -3.000149587706986698e-01
4.164164164164164106e+01 -5.062161360821991751e-01 -3.965803611286619068e-01
4.174174174174174112e+01 -5.164577759558011127e-01 -4.664023115506014672e-01
4.184184184184184119e+01 -5.189610414142104000e-01 -5.067221109447035410e-01
4.194194194194194125e+01 -5.170446745204367867e-01 -5.254013055441388858e-01
4.204204204204204132e+01 -5.124696904401069286e-01 -5.312444181442987912e-01
4.214214214214214138e+01 -5.060999379528388076e-01 -5.301171835745813743e-01
4.224224224224224145e+01 -4.983469183091147059e-01 -5.251587490142969328e-01
4.234234234234234151e+01 -4.893833072018892727e-01 -5.179131655080154717e-01
4.244244244244244157e+01 -4.792998730801228402e-01 -5.091107003940351650e-01
4.254254254254254164e+01 -4.681192882284896939e-01 -4.991189238926588279e-01
4.264264264264264170e+01 -4.558727196493703171e-01 -4.881178229874516550e-01
4.274274274274274887e+01 -4.425762695848371453e-01 -4.762321798227259206e-01
4.284284284284284894e+01 -4.282363234981898525e-01 -4.635358019729314272e-01
4.294294294294294900e+01 -4.128889803579798290e-01 -4.501332882950056513e-01
4.304304304304304907e+01 -3.965809744885355759e-01 -4.360989544293125686e-01
4.314314314314314913e+01 -3.793326429278281453e-01 -4.215148561926229664e-01
4.324324324324324920e+01 -3.611681877617732295e-01 -4.065059693410955632e-01
4.334334334334334926e+01 -3.421167880656978966e-01 -3.911838500769609928e-01
4.344344344344344933e+01 -3.222056045664302149e-01 -3.756461126916197379e-01
4.354354354354354939e+01 -3.014175641931125527e-01 -3.600058686747122372e-01
4.364364364364364945e+01 -2.797504533720631681e-01 -3.443890161705864261e-01
4.374374374374374952e+01 -2.571292950737933403e-01 -3.288985256437441662e-01
4.384384384384384958e+01 -2.333884325480108934e-01 -3.136259380848212541e-01
4.394394394394394965e+01 -2.082715293236104270e-01 -2.986320602875719432e-01
4.404404404404404971e+01 -1.814315692086776455e-01 -2.839364447857869456e-01
4.414414414414414978e+01 -1.524061425170411543e-01 -2.695173898532965406e-01
4.424424424424424984e+01 -1.204574718628764335e-01 -2.552969076690955186e-01
4.434434434434434991e+01 -8.459239182404741653e-02 -2.411030240552250736e-01
4.444444444444444997e+01 -4.355766363057282653e-02 -2.267871607212567642e-01
4.454454454454455004e+01 4.136257921531938386e-03 -2.120411383859991949e-01
4.464464464464465010e+01 6.011552239839612621e-02 -1.963703653287656448e-01
4.474474474474475016e+01 1.249100278022677452e-01 -1.790938373893677937e-01
4.484484484484485023e+01 1.973091864945795137e-01 -1.593441379681185543e-01
4.494494494494495029e+01 2.721317457368346848e-01 -1.360674380258364291e-01
4.504504504504505036e+01 3.412766351099296713e-01 -1.080234960838375724e-01
4.514514514514515042e+01 3.966964396405938120e-01 -7.370130406825439739e-02
4.524524524524525049e+01 4.350022558306928522e-01 -3.086750532901147426e-02
4.534534534534535055e+01 4.579483263043706565e-01 2.297412091881873009e-02
4.544544544544545062e+01 4.699704732799893092e-01 9.008245486267295321e-02
4.554554554554555068e+01 4.750399314651839178e-01 1.710182783850581201e-01
4.564564564564565075e+01 4.761279947928662715e-01 2.608019449352192431e-01
4.574574574574575081e+01 4.749572678387717350e-01 3.486371144723628968e-01
4.584584584584585087e+01 4.724989853285556096e-01 4.206124795331237509e-01
4.594594594594595094e+01 4.692417768057081107e-01 4.694330906466934183e-01
4.604604604604605100e+01 4.653850169797646985e-01 4.972252090428641580e-01
4.614614614614615107e+01 4.609560146172015371e-01 5.104755141738378521e-01
4.624624624624625113e+01 4.558889369739191899e-01 5.149509425904652549e-01
4.634634634634635120e+01 4.500687930668592629e-01 5.143929104689330956e-01
4.644644644644645126e+01 4.433729286979454232e-01 5.108403096710583124e-01
4.654654654654655133e+01 4.356353092345716105e-01 5.053270773721244558e-01
4.664664664664665139e+01 4.266951112365561793e-01 4.983400764294906304e-01
4.674674674674675146e+01 4.164302515740115895e-01 4.901065652603888156e-01
4.684684684684685152e+01 4.046937525893137266e-01 4.807081475997123099e-01
4.694694694694695158e+01 3.913151499695481927e-01 4.701851936605216387e-01
4.704704704704705165e+01 3.761473379301160103e-01 4.585437790483210541e-01
4.714714714714715171e+01 3.590261935855127984e-01 4.457808637136110863e-01
4.724724724724725178e+01 3.397314757560727094e-01 4.319147583475878571e-01
4.734734734734735184e+01 3.179844317885330285e-01 4.169541660263964000e-01
4.744744744744745191e+01 2.934378318880765946e-01 4.008948536277257002e-01
4.754754754754755197e+01 2.656696250296551876e-01 3.837501731916692638e-01
4.764764764764765204e+01 2.339465453321687982e-01 3.655504827990552208e-01
4.774774774774775210e+01 1.971786395477564680e-01 3.462969572018583242e-01
4.784784784784785217e+01 1.539192670618039493e-01 3.259847965335460063e-01
4.794794794794795223e+01 1.023650998929374334e-01 3.045810773152624051e-01
4.804804804804805229e+01 4.027826672624411353e-02 2.820090100679894518e-01
4.814814814814815236e+01 -3.524301079062432118e-02 2.581479393125524213e-01
4.824824824824825242e+01 -1.255504348676383386e-01 2.328281230297712112e-01
4.834834834834835249e+01 -2.271131779387915994e-01 2.057803485877378324e-01
4.844844844844845255e+01 -3.278200660599660532e-01 1.765489113969227475e-01
4.854854854854855262e+01 -4.103241047805478714e-01 1.444593286540520327e-01
4.864864864864865268e+01 -4.643136815013818586e-01 1.086177393373508326e-01
4.874874874874875275e+01 -4.922374267249637336e-01 6.791090420655201965e-02
4.884884884884885281e+01 -5.024644657419495841e-01 2.101058873496032195e-02
4.894894894894895288e+01 -5.024359689920391281e-01 -3.362341373613492168e-02
4.904904904904905294e+01 -4.969317049522625207e-01 -9.718080083563054861e-02
4.914914914914915300e+01 -4.885828535960459185e-01 -1.690001629774337266e-01
4.924924924924925307e+01 -4.787960590083046863e-01 -2.453947174319596192e-01
4.934934934934935313e+01 -4.683545860318281684e-01 -3.182989156243211104e-01
4.944944944944945320e+01 -4.577246875162807038e-01 -3.795373875618666681e-01
4.954954954954955326e+01 -4.472021601805238888e-01 -4.235113997829266230e-01
4.964964964964965333e+01 -4.369941528598667024e-01 -4.507134897282690789e-01
4.974974974974975339e+01 -4.272626231242954153e-01 -4.650856039918769280e-01
4.984984984984985346e+01 -4.181010777276853441e-01 -4.711961259073286779e-01
4.994994994994995352e+01 -4.095779267771520460e-01 -4.725261599897703779e-01
5.005005005005005358e+01 -4.017163718158834329e-01 -4.712231843069994985e-01
5.015015015015015365e+01 -3.944875354334740347e-01 -4.685465187069912663e-01
5.025025025025025371e+01 -3.878158124113094685e-01 -4.651672143188118058e-01
5.035035035035035378e+01 -3.815713337338984545e-01 -4.613911816714854064e-01
5.045045045045045384e+01 -3.755674865726779665e-01 -4.573177481903006880e-01
5.055055055055055391e+01 -3.695872343576055430e-01 -4.529137406619840323e-01
5.065065065065065397e+01 -3.633891564217645587e-01 -4.480680920327460570e-01
5.075075075075075404e+01 -3.566875817107450497e-01 -4.426493827180489338e-01
5.085085085085085410e+01 -3.491523685617308193e-01 -4.364889437317915899e-01
5.095095095095095417e+01 -3.404139349393186520e-01 -4.293830328922956241e-01
5.105105105105105423e+01 -3.301438826203998977e-01 -4.211764782666636564e-01
5.115115115115115429e+01 -3.180063623406579332e-01 -4.117066821866987580e-01
5.125125125125125436e+01 -3.035797088527216192e-01 -4.007796744983515569e-01
5.135135135135135442e+01 -2.863561388343460190e-01 -3.882203539655789126e-01
5.145145145145145449e+01 -2.657428997466083631e-01 -3.738658295878898863e-01
5.155155155155155455e+01 -2.410626091273815330e-01 -3.575108153470512029e-01
5.165165165165165462e+01 -2.113158965039587667e-01 -3.389011658650544212e-01
5.175175175175175468e+01 -1.749937017312251930e-01 -3.177289445031307724e-01
5.185185185185185475e+01 -1.300701715989863172e-01 -2.936735275695444569e-01
5.195195195195195481e+01 -7.400265983195286612e-02 -2.661952392750687735e-01
5.205205205205205488e+01 -3.663289400549496477e-03 -2.345024718694039834e-01
5.215215215215215494e+01 8.434369523412979519e-02 -1.975516856411747291e-01
5.225225225225225500e+01 1.897154965085596778e-01 -1.539867672203041049e-01
5.235235235235235507e+01 3.026812822275457560e-01 -1.016929956236203025e-01
5.245245245245245513e+01 4.034270527274393392e-01 -3.800986958247998260e-02
5.255255255255255520e+01 4.740672225933416639e-01 3.982493757640777343e-02
5.265265265265265526e+01 5.126406086239788662e-01 1.334460040916297663e-01
5.275275275275275533e+01 5.287162214892791035e-01 2.383637054529165744e-01
5.285285285285285539e+01 5.320354753230761569e-01 3.411503691566279972e-01
5.295295295295295546e+01 5.286573851992353301e-01 4.233618998487873597e-01
5.305305305305305552e+01 5.216853151684343048e-01 4.758269152869389895e-01
5.315315315315315559e+01 5.126361087715620712e-01 5.019163848445645781e-01
5.325325325325325565e+01 5.022668024300024348e-01 5.106250472854485523e-01
5.335335335335335571e+01 4.909628407458289656e-01 5.096156741979378513e-01
5.345345345345345578e+01 4.789651886503393241e-01 5.034820595637341523e-01
5.355355355355355584e+01 4.664354879085361172e-01 4.946882080122539938e-01
5.365365365365365591e+01 4.535341852668859919e-01 4.845237738322351051e-01
5.375375375375375597e+01 4.403755407163038038e-01 4.736803306595027685e-01
5.385385385385385604e+01 4.271087585584142921e-01 4.625948128418354566e-01
5.395395395395395610e+01 4.138827019114934558e-01 4.515282295989248573e-01
5.405405405405405617e+01 4.008145802094517651e-01 4.407040026409218547e-01
5.415415415415415623e+01 3.880349008939723010e-01 4.302666622241411165e-01
5.425425425425425630e+01 3.756820414049103496e-01 4.203413017522141248e-01
5.435435435435435636e+01 3.638554840791938805e-01 4.110291420539037288e-01
5.445445445445445642e+01 3.526293269817640241e-01 4.023756631775592951e-01
5.455455455455455649e+01 3.420418816357030378e-01 3.943897659241568099e-01
5.465465465465465655e+01 3.320933844729383466e-01 3.870400835440636067e-01
5.475475475475475662e+01 3.227360366777989320e-01 3.802341368163731361e-01
5.485485485485485668e+01 3.138608406041545340e-01 3.738415326978967723e-01
5.495495495495495675e+01 3.053025988838510285e-01 3.676885971112766605e-01
5.505505505505505681e+01 2.968213037269060162e-01 3.615485936179161919e-01
5.515515515515515688e+01 2.881017604306320701e-01 3.551417234179745641e-01
5.525525525525525694e+01 2.787535873796334607e-01 3.481358784831163899e-01
5.535535535535535701e+01 2.683112160458075435e-01 3.402011359224926812e-01
5.545545545545545707e+01 2.562338909883471461e-01 3.310292422567546189e-01
5.555555555555555713e+01 2.419056698537363215e-01 3.202545559911749717e-01
5.565565565565565720e+01 2.246337716100841320e-01 3.074495090540025344e-01
5.575575575575575726e+01 2.036069249237642820e-01 2.921246067964696214e-01
5.585585585585585733e+01 1.777047571807391368e-01 2.737306551232674412e-01
5.595595595595595739e+01 1.454229516007715939e-01 2.516876137236852551e-01
5.605605605605605746e+01 1.048837592290730314e-01 2.251560769541958162e-01
5.615615615615615752e+01 5.342088610347645039e-02 1.928458440773956339e-01
5.625625625625625759e+01 -1.218191872665019826e-02 1.530097700890009071e-01
5.635635635635635765e+01 -9.465987519282664797e-02 1.034437657178711167e-01
5.645645645645645772e+01 -1.937098255471126629e-01 4.138885614725922035e-02
5.655655655655655778e+01 -3.000149587706986698e-01 -3.681409897995310820e-02
5.665665665665665784e+01 -3.965803611286619068e-01 -1.332432598651117905e-01
5.675675675675675791e+01 -4.664023115506014672e-01 -2.439404733496540190e-01
5.685685685685685797e+01 -5.067221109447035410e-01 -3.537764323827687907e-01
5.695695695695695804e+01 -5.254013055441388858e-01 -4.413709078519805207e-01
5.705705705705705810e+01 -5.312444181442987912e-01 -4.959971004993229404e-01
5.715715715715715817e+01 -5.301171835745813743e-01 -5.228751921646658252e-01
5.725725725725725823e+01 -5.251587490142969328e-01 -5.322098727342520208e-01
5.735735735735735830e+01 -5.179131655080154717e-01 -5.320549988626098736e-01
5.745745745745745836e+01 -5.091107003940351650e-01 -5.268947276649426081e-01
5.755755755755755843e+01 -4.991189238926588279e-01 -5.189798791260893385e-01
5.765765765765765849e+01 -4.881178229874516550e-01 -5.093863514662186898e-01
5.775775775775775855e+01 -4.762321798227259206e-01 -4.986625353806062866e-01
5.785785785785785862e+01 -4.635358019729314272e-01 -4.870927077562390850e-01
5.795795795795795868e+01 -4.501332882950056513e-01 -4.748849587842428610e-01
5.805805805805805875e+01 -4.360989544293125686e-01 -4.621716880147083151e-01
5.815815815815815881e+01 -4.215148561926229664e-01 -4.490945422453960778e-01
5.825825825825825888e+01 -4.065059693410955632e-01 -4.357972776625041456e-01
5.835835835835835894e+01 -3.911838500769609928e-01 -4.223916025011174580e-01
5.845845845845845901e+01 -3.756461126916197379e-01 -4.090217060866645493e-01
5.855855855855855907e+01 -3.600058686747122372e-01 -3.958408927815832978e-01
5.865865865865865914e+01 -3.443890161705864261e-01 -3.829651360892138423e-01
5.875875875875875920e+01 -3.288985256437441662e-01 -3.705061081866352635e-01
5.885885885885885926e+01 -3.136259380848212541e-01 -3.585694591042485335e-01
5.895895895895895933e+01 -2.986320602875719432e-01 -3.472359757911155365e-01
5.905905905905905939e+01 -2.839364447857869456e-01 -3.365406661539101507e-01
5.915915915915915946e+01 -2.695173898532965406e-01 -3.264769615432256411e-01
5.925925925925925952e+01 -2.552969076690955186e-01 -3.169799842027436476e-01
5.935935935935935959e+01 -2.411030240552250736e-01 -3.079265038890642292e-01
5.945945945945945965e+01 -2.267871607212567642e-01 -2.991348736481134196e-01
5.955955955955955972e+01 -2.120411383859991949e-01 -2.903417041837811352e-01
5.965965965965965978e+01 -1.963703653287656448e-01 -2.812353940785017326e-01
5.975975975975975985e+01 -1.790938373893677937e-01 -2.714390596390143795e-01
5.985985985985986702e+01 -1.593441379681185543e-01 -2.604800902550268304e-01
5.995995995995996708e+01 -1.360674380258364291e-01 -2.477901483992155096e-01
6.006006006006006714e+01 -1.080234960838375724e-01 -2.327051696272253445e-01
6.016016016016016721e+01 -7.370130406825439739e-02 -2.144689444182369675e-01
6.026026026026026727e+01 -3.086750532901147426e-02 -1.921903775123058877e-01
6.036036036036036734e+01 2.297412091881873009e-02 -1.646019966630630216e-01
6.046046046046046740e+01 9.008245486267295321e-02 -1.299861864660219468e-01
6.056056056056056747e+01 1.710182783850581201e-01 -8.617582028494832902e-02
6.066066066066066753e+01 2.608019449352192431e-01 -3.055849479802284774e-02
6.076076076076076760e+01 3.486371144723628968e-01 4.008394806961898538e-02
6.086086086086086766e+01 4.206124795331237509e-01 1.278941717563419067e-01
6.096096096096096772e+01 4.694330906466934183e-01 2.304048439706802565e-01
6.106106106106106779e+01 4.972252090428641580e-01 3.349708742345159918e-01
6.116116116116116785e+01 5.104755141738378521e-01 4.232694456999952504e-01
6.126126126126126792e+01 5.149509425904652549e-01 4.825579010988047535e-01
6.136136136136136798e+01 5.143929104689330956e-01 5.143652434101538828e-01
6.146146146146146805e+01 5.108403096710583124e-01 5.277546898510049322e-01
6.156156156156156811e+01 5.053270773721244558e-01 5.307814254976147561e-01
6.166166166166166818e+01 4.983400764294906304e-01 5.281953408339883360e-01
6.176176176176176824e+01 4.901065652603888156e-01 5.224439990638743980e-01
6.186186186186186831e+01 4.807081475997123099e-01 5.147123034496786653e-01
6.196196196196196837e+01 4.701851936605216387e-01 5.055743582435265893e-01
6.206206206206206843e+01 4.585437790483210541e-01 4.953051899678038161e-01
6.216216216216216850e+01 4.457808637136110863e-01 4.840595744009826840e-01
6.226226226226226856e+01 4.319147583475878571e-01 4.719309892012774621e-01
6.236236236236236863e+01 4.169541660263964000e-01 4.590157572226120086e-01
6.246246246246246869e+01 4.008948536277257002e-01 4.453722997526090577e-01
6.256256256256256876e+01 3.837501731916692638e-01 4.310955054877845249e-01
6.266266266266266882e+01 3.655504827990552208e-01 4.162955156221497255e-01
6.276276276276276889e+01 3.462969572018583242e-01 4.010516069549397988e-01
6.286286286286286895e+01 3.259847965335460063e-01 3.854656343517605110e-01
6.296296296296296902e+01 3.045810773152624051e-01 3.696676098993050830e-01
6.306306306306306908e+01 2.820090100679894518e-01 3.537723495937747376e-01
6.316316316316316914e+01 2.581479393125524213e-01 3.378818723023714332e-01
6.326326326326326921e+01 2.328281230297712112e-01 3.220886374231796134e-01
6.336336336336336927e+01 2.057803485877378324e-01 3.064688407623122890e-01
6.346346346346346934e+01 1.765489113969227475e-01 2.910777698800325330e-01
6.356356356356356940e+01 1.444593286540520327e-01 2.759187020145951186e-01
6.366366366366366947e+01 1.086177393373508326e-01 2.609977309668822798e-01
6.376376376376376953e+01 6.791090420655201965e-02 2.462310700934156604e-01
6.386386386386386960e+01 2.101058873496032195e-02 2.314242133840554438e-01
6.396396396396396966e+01 -3.362341373613492168e-02 2.162719354619984102e-01
6.406406406406406973e+01 -9.718080083563054861e-02 2.003582915837863465e-01
6.416416416416416268e+01 -1.690001629774337266e-01 1.831566176392933065e-01
6.426426426426426985e+01 -2.453947174319596192e-01 1.640295301517342430e-01
6.436436436436436281e+01 -3.182989156243211104e-01 1.421594362629678421e-01
6.446446446446446998e+01 -3.795373875618666681e-01 1.163230185231905328e-01
6.456456456456456294e+01 -4.235113997829266230e-01 8.499734243973608439e-02
6.466466466466467011e+01 -4.507134897282690789e-01 4.628265221115782091e-02
6.476476476476476307e+01 -4.650856039918769280e-01 -2.009511911284053709e-03
6.486486486486487024e+01 -4.711961259073286779e-01 -6.257873224261856215e-02
6.496496496496496320e+01 -4.725261599897703779e-01 -1.365357475555450950e-01
6.506506506506507037e+01 -4.712231843069994985e-01 -2.220706514169080714e-01
6.516516516516516333e+01 -4.685465187069912663e-01 -3.108614107478755995e-01
6.526526526526527050e+01 -4.651672143188118058e-01 -3.898654921650877014e-01
6.536536536536536346e+01 -4.613911816714854064e-01 -4.483465729092419028e-01
6.546546546546547063e+01 -4.573177481903006880e-01 -4.843408120650854465e-01
6.556556556556556359e+01 -4.529137406619840323e-01 -5.032082755028950416e-01
6.566566566566567076e+01 -4.480680920327460570e-01 -5.111091516039103499e-01
6.576576576576576372e+01 -4.426493827180489338e-01 -5.126934682982753344e-01
6.586586586586587089e+01 -4.364889437317915899e-01 -5.105734677310496128e-01
6.596596596596596385e+01 -4.293830328922956241e-01 -5.061365765670308159e-01
6.606606606606607102e+01 -4.211764782666636564e-01 -5.000605464736269656e-01
6.616616616616616398e+01 -4.117066821866987580e-01 -4.926602185220989027e-01
6.626626626626627115e+01 -4.007796744983515569e-01 -4.840653144146078168e-01
6.636636636636636410e+01 -3.882203539655789126e-01 -4.743226167592924924e-01
6.646646646646647127e+01 -3.738658295878898863e-01 -4.634359221093322656e-01
6.656656656656656423e+01 -3.575108153470512029e-01 -4.514124564862841416e-01
6.666666666666667140e+01 -3.389011658650544212e-01 -4.382361088314885023e-01
6.676676676676676436e+01 -3.177289445031307724e-01 -4.238984301563120116e-01
6.686686686686687153e+01 -2.936735275695444569e-01 -4.084121691439037138e-01
6.696696696696696449e+01 -2.661952392750687735e-01 -3.917840591649773829e-01
6.706706706706707166e+01 -2.345024718694039834e-01 -3.740048515067113666e-01
6.716716716716716462e+01 -1.975516856411747291e-01 -3.550614550925169643e-01
6.726726726726727179e+01 -1.539867672203041049e-01 -3.349352104116943840e-01
6.736736736736736475e+01 -1.016929956236203025e-01 -3.135944270260579425e-01
6.746746746746747192e+01 -3.800986958247998260e-02 -2.909400201757350590e-01
6.756756756756756488e+01 3.982493757640777343e-02 -2.669067240719936174e-01
6.766766766766767205e+01 1.334460040916297663e-01 -2.413095208082119414e-01
6.776776776776776501e+01 2.383637054529165744e-01 -2.138063183750977814e-01
6.786786786786787218e+01 3.411503691566279972e-01 -1.838979506606839287e-01
6.796796796796796514e+01 4.233618998487873597e-01 -1.509281774503454521e-01
6.806806806806807231e+01 4.758269152869389895e-01 -1.140836844267743011e-01
6.816816816816816527e+01 5.019163848445645781e-01 -7.229842171164514719e-02
6.826826826826827244e+01 5.106250472854485523e-01 -2.403074460554174840e-02
6.836836836836837961e+01 5.096156741979378513e-01 3.224466366527496686e-02
6.846846846846847257e+01 5.034820595637341523e-01 9.761435698458482968e-02
6.856856856856857974e+01 4.946882080122539938e-01 1.713055178105437337e-01
6.866866866866867269e+01 4.845237738322351051e-01 2.491705000990573349e-01
6.876876876876877986e+01 4.736803306595027685e-01 3.228642742307664681e-01
6.886886886886887282e+01 4.625948128418354566e-01 3.835264754288486566e-01
6.896896896896897999e+01 4.515282295989248573e-01 4.262223088596338583e-01
6.906906906906907295e+01 4.407040026409218547e-01 4.518136951178656213e-01
6.916916916916918012e+01 4.302666622241411165e-01 4.647845351071921427e-01
6.926926926926927308e+01 4.203413017522141248e-01 4.697271497977988375e-01
6.936936936936938025e+01 4.110291420539037288e-01 4.701082642455329252e-01
6.946946946946947321e+01 4.023756631775592951e-01 4.680359211887321624e-01
6.956956956956958038e+01 3.943897659241568099e-01 4.647432482085231409e-01
6.966966966966967334e+01 3.870400835440636067e-01 4.608947735034871762e-01
6.976976976976978051e+01 3.802341368163731361e-01 4.568056780273580531e-01
6.986986986986987347e+01 3.738415326978967723e-01 4.525794675840977277e-01
6.996996996996998064e+01 3.676885971112766605e-01 4.481905869956655519e-01
7.007007007007007360e+01 3.615485936179161919e-01 4.435334429781607191e-01
7.017017017017018077e+01 3.551417234179745641e-01 4.384672313022916490e-01
7.027027027027027373e+01 3.481358784831163899e-01 4.328028081189967402e-01
7.037037037037038090e+01 3.402011359224926812e-01 4.263403789062998883e-01
7.047047047047047386e+01 3.310292422567546189e-01 4.189128045037391335e-01
7.057057057057058103e+01 3.202545559911749717e-01 4.103215898585825250e-01
7.067067067067067399e+01 3.074495090540025344e-01 4.003483081304412550e-01
7.077077077077078116e+01 2.921246067964696214e-01 3.888244536093681258e-01
7.087087087087087411e+01 2.737306551232674412e-01 3.755626810232184920e-01
7.097097097097098128e+01 2.516876137236852551e-01 3.603392128317848830e-01
7.107107107107107424e+01 2.251560769541958162e-01 3.428904569001471336e-01
7.117117117117118141e+01 1.928458440773956339e-01 3.229614654478472069e-01
7.127127127127127437e+01 1.530097700890009071e-01 3.001850745660215036e-01
7.137137137137138154e+01 1.034437657178711167e-01 2.740294446191959832e-01
7.147147147147147450e+01 4.138885614725922035e-02 2.437980602452838597e-01
7.157157157157158167e+01 -3.681409897995310820e-02 2.085667099938641467e-01
7.167167167167167463e+01 -1.332432598651117905e-01 1.669244478001056520e-01
7.177177177177178180e+01 -2.439404733496540190e-01 1.168934005338699289e-01
7.187187187187187476e+01 -3.537764323827687907e-01 5.593626265956824078e-02
7.197197197197198193e+01 -4.413709078519805207e-01 -1.893520460888813151e-02
7.207207207207207489e+01 -4.959971004993229404e-01 -1.100732936143520579e-01
7.217217217217218206e+01 -5.228751921646658252e-01 -2.147904557903658473e-01
7.227227227227227502e+01 -5.322098727342520208e-01 -3.213355179321479849e-01
7.237237237237238219e+01 -5.320549988626098736e-01 -4.107809367961363645e-01
7.247247247247247515e+01 -5.268947276649426081e-01 -4.702236690912600658e-01
7.257257257257258232e+01 -5.189798791260893385e-01 -5.008882911925361947e-01
7.267267267267267528e+01 -5.093863514662186898e-01 -5.121996195985769607e-01
7.277277277277278245e+01 -4.986625353806062866e-01 -5.125795145980300838e-01
7.287287287287287540e+01 -4.870927077562390850e-01 -5.071418196714079230e-01
7.297297297297298257e+01 -4.748849587842428610e-01 -4.986470302738612581e-01
7.307307307307307553e+01 -4.621716880147083151e-01 -4.885225814931349331e-01
7.317317317317318270e+01 -4.490945422453960778e-01 -4.775500674446037652e-01
7.327327327327327566e+01 -4.357972776625041456e-01 -4.661620779312874996e-01
7.337337337337338283e+01 -4.223916025011174580e-01 -4.546712613616940013e-01
7.347347347347347579e+01 -4.090217060866645493e-01 -4.432764534565947212e-01
7.357357357357358296e+01 -3.958408927815832978e-01 -4.321598010209707907e-01
7.367367367367367592e+01 -3.829651360892138423e-01 -4.214688146980240524e-01
7.377377377377378309e+01 -3.705061081866352635e-01 -4.113052211273119374e-01
7.387387387387387605e+01 -3.585694591042485335e-01 -4.017597885512210198e-01
7.397397397397398322e+01 -3.472359757911155365e-01 -3.928879999809321566e-01
7.407407407407407618e+01 -3.365406661539101507e-01 -3.846940816371145488e-01
7.417417417417418335e+01 -3.264769615432256411e-01 -3.771385879488313719e-01
7.427427427427427631e+01 -3.169799842027436476e-01 -3.701305846477435102e-01
7.437437437437438348e+01 -3.079265038890642292e-01 -3.635252378919507921e-01
7.447447447447447644e+01 -2.991348736481134196e-01 -3.571243450662256458e-01
7.457457457457458361e+01 -2.903417041837811352e-01 -3.506946238836412544e-01
7.467467467467467657e+01 -2.812353940785017326e-01 -3.439578228249046687e-01
7.477477477477478374e+01 -2.714390596390143795e-01 -3.365897779300210946e-01
7.487487487487487670e+01 -2.604800902550268304e-01 -3.282204127982934483e-01
7.497497497497498387e+01 -2.477901483992155096e-01 -3.184359138545138079e-01
7.507507507507507682e+01 -2.327051696272253445e-01 -3.068542464083107713e-01
7.517517517517518399e+01 -2.144689444182369675e-01 -2.930932210851401321e-01
7.527527527527527695e+01 -1.921903775123058877e-01 -2.766282031682427145e-01
7.537537537537538412e+01 -1.646019966630630216e-01 -2.567829788062362395e-01
7.547547547547547708e+01 -1.299861864660219468e-01 -2.327297550131151860e-01
7.557557557557558425e+01 -8.617582028494832902e-02 -2.034754822462276347e-01
7.567567567567567721e+01 -3.055849479802284774e-02 -1.676245941761086988e-01
7.577577577577578438e+01 4.008394806961898538e-02 -1.231421812432487856e-01
7.587587587587587734e+01 1.278941717563419067e-01 -6.732898066361830969e-02
7.597597597597598451e+01 2.304048439706802565e-01 3.057219954989129351e-03
7.607607607607607747e+01 3.349708742345159918e-01 9.142038834293483851e-02
7.617617617617618464e+01 4.232694456999952504e-01 1.968026252581927260e-01
7.627627627627627760e+01 4.825579010988047535e-01 3.092306724534842899e-01
7.637637637637638477e+01 5.143652434101538828e-01 4.083699393401590272e-01
7.647647647647647773e+01 5.277546898510049322e-01 4.771852633038002889e-01
7.657657657657658490e+01 5.307814254976147561e-01 5.144379585190351767e-01
7.667667667667667786e+01 5.281953408339883360e-01 5.299085372382175141e-01
7.677677677677678503e+01 5.224439990638743980e-01 5.331113095998114559e-01
7.687687687687687799e+01 5.147123034496786653e-01 5.298659030803559711e-01
7.697697697697698516e+01 5.055743582435265893e-01 5.231272042654837584e-01
7.707707707707707812e+01 4.953051899678038161e-01 5.143327887178563707e-01
7.717717717717718529e+01 4.840595744009826840e-01 5.041941497746100787e-01
7.727727727727727824e+01 4.719309892012774621e-01 4.930687800483050109e-01
7.737737737737738541e+01 4.590157572226120086e-01 4.811765212713070561e-01
7.747747747747747837e+01 4.453722997526090577e-01 4.686634828538208675e-01
7.757757757757758554e+01 4.310955054877845249e-01 4.556763794058806827e-01
7.767767767767767850e+01 4.162955156221497255e-01 4.423182038220107581e-01
7.777777777777778567e+01 4.010516069549397988e-01 4.287297221925108759e-01
7.787787787787787863e+01 3.854656343517605110e-01 4.150546329036898796e-01
7.797797797797798580e+01 3.696676098993050830e-01 4.014064521422716636e-01
7.807807807807807876e+01 3.537723495937747376e-01 3.879174228315006578e-01
7.817817817817818593e+01 3.378818723023714332e-01 3.747342523780781698e-01
7.827827827827827889e+01 3.220886374231796134e-01 3.619694952120943721e-01
7.837837837837838606e+01 3.064688407623122890e-01 3.497159551699118296e-01
7.847847847847847902e+01 2.910777698800325330e-01 3.380381620814176258e-01
7.857857857857858619e+01 2.759187020145951186e-01 3.269698837101409628e-01
7.867867867867867915e+01 2.609977309668822798e-01 3.164986730407085558e-01
7.877877877877878632e+01 2.462310700934156604e-01 3.065610011301365123e-01
7.887887887887887928e+01 2.314242133840554438e-01 2.970455310794700154e-01
7.897897897897898645e+01 2.162719354619984102e-01 2.877570262437502691e-01
7.907907907907907941e+01 2.003582915837863465e-01 2.784158497201085769e-01
7.917917917917918658e+01 1.831566176392933065e-01 2.686579643477719492e-01
7.927927927927927954e+01 1.640295301517342430e-01 2.580349327080615485e-01
7.937937937937938671e+01 1.421594362629678421e-01 2.460139171243926337e-01
7.947947947947947966e+01 1.163230185231905328e-01 2.319776796622727844e-01
7.957957957957958683e+01 8.499734243973608439e-02 2.152245821293096162e-01
7.967967967967967979e+01 4.628265221115782091e-02 1.949162412408021461e-01
7.977977977977978696e+01 -2.009511911284053709e-03 1.699421115490176715e-01
7.987987987987987992e+01 -6.257873224261856215e-02 1.388311187304532290e-01
7.997997997997998709e+01 -1.365357475555450950e-01 9.971905856120653888e-02
8.008008008008008005e+01 -2.220706514169080714e-01 4.998791831677353026e-02
8.018018018018018722e+01 -3.108614107478755995e-01 -1.345539344645965696e-02
8.028028028028028018e+01 -3.898654921650877014e-01 -9.317048425796856104e-02
8.038038038038038735e+01 -4.483465729092419028e-01 -1.890787579048600064e-01
8.048048048048048031e+01 -4.843408120650854465e-01 -2.932821703531865998e-01
8.058058058058058748e+01 -5.032082755028950416e-01 -3.889396760691725130e-01
8.068068068068068044e+01 -5.111091516039103499e-01 -4.597717369262756537e-01
8.078078078078078761e+01 -5.126934682982753344e-01 -5.015478343868798872e-01
8.088088088088088057e+01 -5.105734677310496128e-01 -5.215416968439484657e-01
8.098098098098098774e+01 -5.061365765670308159e-01 -5.284160322251661990e-01
8.108108108108108070e+01 -5.000605464736269656e-01 -5.280899011910993313e-01
8.118118118118118787e+01 -4.926602185220989027e-01 -5.237719102897430146e-01
8.128128128128128083e+01 -4.840653144146078168e-01 -5.170631793873343707e-01
8.138138138138138800e+01 -4.743226167592924924e-01 -5.087345681853127077e-01
8.148148148148148096e+01 -4.634359221093322656e-01 -4.991454421333357816e-01
8.158158158158158813e+01 -4.514124564862841416e-01 -4.884939917501410211e-01
8.168168168168168108e+01 -4.382361088314885023e-01 -4.768740560354625124e-01
8.178178178178178825e+01 -4.238984301563120116e-01 -4.643810884943173067e-01
8.188188188188188121e+01 -4.084121691439037138e-01 -4.510670873959902738e-01
8.198198198198198838e+01 -3.917840591649773829e-01 -4.370062251694046829e-01
8.208208208208208134e+01 -3.740048515067113666e-01 -4.222997317767792080e-01
8.218218218218218851e+01 -3.550614550925169643e-01 -4.070160013043639391e-01
8.228228228228228147e+01 -3.349352104116943840e-01 -3.912398658328428702e-01
8.238238238238238864e+01 -3.135944270260579425e-01 -3.750876551126455238e-01
8.248248248248248160e+01 -2.909400201757350590e-01 -3.586706270016661868e-01
8.258258258258258877e+01 -2.669067240719936174e-01 -3.420818872308418190e-01
8.268268268268268173e+01 -2.413095208082119414e-01 -3.254113039198654467e-01
8.278278278278278890e+01 -2.138063183750977814e-01 -3.087366107669831106e-01
8.288288288288288186e+01 -1.838979506606839287e-01 -2.921206319707568833e-01
8.298298298298298903e+01 -1.509281774503454521e-01 -2.755710161139872105e-01
8.308308308308308199e+01 -1.140836844267743011e-01 -2.591189305474586035e-01
8.318318318318318916e+01 -7.229842171164514719e-02 -2.427163622861873982e-01
8.328328328328328212e+01 -2.403074460554174840e-02 -2.261988219015200197e-01
8.338338338338338929e+01 3.224466366527496686e-02 -2.092853435211302626e-01
8.348348348348348225e+01 9.761435698458482968e-02 -1.915784848290292275e-01
8.358358358358358942e+01 1.713055178105437337e-01 -1.725643270655506656e-01
8.368368368368368237e+01 2.491705000990573349e-01 -1.516124750273607213e-01
8.378378378378378954e+01 3.228642742307664681e-01 -1.279345724018009778e-01
8.388388388388388250e+01 3.835264754288486566e-01 -1.002942636996459469e-01
8.398398398398398967e+01 4.262223088596338583e-01 -6.714415995581290986e-02
8.408408408408408263e+01 4.518136951178656213e-01 -2.661352217526621183e-02
8.418418418418418980e+01 4.647845351071921427e-01 2.350610123107886584e-02
8.428428428428428276e+01 4.697271497977988375e-01 8.544574755951653278e-02
8.438438438438438993e+01 4.701082642455329252e-01 1.595913981652251623e-01
8.448448448448448289e+01 4.680359211887321624e-01 2.429732602435110134e-01
8.458458458458459006e+01 4.647432482085231409e-01 3.266038458052977766e-01
8.468468468468468302e+01 4.608947735034871762e-01 3.984444966993649917e-01
8.478478478478479019e+01 4.568056780273580531e-01 4.502834561800478919e-01
8.488488488488488315e+01 4.525794675840977277e-01 4.818256220966558034e-01
8.498498498498499032e+01 4.481905869956655519e-01 4.983849893525942321e-01
8.508508508508508328e+01 4.435334429781607191e-01 5.053824096880676908e-01
8.518518518518519045e+01 4.384672313022916490e-01 5.068055857802146180e-01
8.528528528528528341e+01 4.328028081189967402e-01 5.049080884184841134e-01
8.538538538538539058e+01 4.263403789062998883e-01 5.008914038777073641e-01
8.548548548548549775e+01 4.189128045037391335e-01 4.953404997980478952e-01
8.558558558558559071e+01 4.103215898585825250e-01 4.885191482308016697e-01
8.568568568568569788e+01 4.003483081304412550e-01 4.805251825440576274e-01
8.578578578578579084e+01 3.888244536093681258e-01 4.713795521646279574e-01
8.588588588588589801e+01 3.755626810232184920e-01 4.610639668015542592e-01
8.598598598598599096e+01 3.603392128317848830e-01 4.495592364962628928e-01
8.608608608608609813e+01 3.428904569001471336e-01 4.368311360894165385e-01
8.618618618618619109e+01 3.229614654478472069e-01 4.228470276100037006e-01
8.628628628628629826e+01 3.001850745660215036e-01 4.075860146826827957e-01
8.638638638638639122e+01 2.740294446191959832e-01 3.910274284353986718e-01
8.648648648648649839e+01 2.437980602452838597e-01 3.731386359780983208e-01
8.658658658658659135e+01 2.085667099938641467e-01 3.538788483694668696e-01
8.668668668668669852e+01 1.669244478001056520e-01 3.331777027040452865e-01
8.678678678678679148e+01 1.168934005338699289e-01 3.109349269593538745e-01
8.688688688688689865e+01 5.593626265956824078e-02 2.870199709277520550e-01
8.698698698698699161e+01 -1.893520460888813151e-02 2.612240295546087165e-01
8.708708708708709878e+01 -1.100732936143520579e-01 2.332587218871100820e-01
8.718718718718719174e+01 -2.147904557903658473e-01 2.026577558000837720e-01
8.728728728728729891e+01 -3.213355179321479849e-01 1.687253673782392327e-01
8.738738738738739187e+01 -4.107809367961363645e-01 1.305363209161417570e-01
8.748748748748749904e+01 -4.702236690912600658e-01 8.693699158802814519e-02
8.758758758758759200e+01 -5.008882911925361947e-01 3.642854619446617842e-02
8.768768768768769917e+01 -5.121996195985769607e-01 -2.283387455836677349e-02
8.778778778778779213e+01 -5.125795145980300838e-01 -9.188070892920399690e-02
8.788788788788789930e+01 -5.071418196714079230e-01 -1.701777440960327847e-01
8.798798798798799226e+01 -4.986470302738612581e-01 -2.523960345571569786e-01
8.808808808808809943e+01 -4.885225814931349331e-01 -3.296350897793396961e-01
8.818818818818819238e+01 -4.775500674446037652e-01 -3.916627610332525933e-01
8.828828828828829955e+01 -4.661620779312874996e-01 -4.337056150048945180e-01
8.838838838838839251e+01 -4.546712613616940013e-01 -4.574396154991429153e-01
8.848848848848849968e+01 -4.432764534565947212e-01 -4.682365248702504701e-01
8.858858858858859264e+01 -4.321598010209707907e-01 -4.710301020432291486e-01
8.868868868868869981e+01 -4.214688146980240524e-01 -4.694071289561881910e-01
8.878878878878879277e+01 -4.113052211273119374e-01 -4.655129521278950633e-01
8.888888888888889994e+01 -4.017597885512210198e-01 -4.605922883751782937e-01
8.898898898898899290e+01 -3.928879999809321566e-01 -4.553332406160716661e-01
8.908908908908910007e+01 -3.846940816371145488e-01 -4.500943188309372012e-01
8.918918918918919303e+01 -3.771385879488313719e-01 -4.450193279671630919e-01
8.928928928928930020e+01 -3.701305846477435102e-01 -4.401246790134227260e-01
8.938938938938939316e+01 -3.635252378919507921e-01 -4.353368099478628905e-01
8.948948948948950033e+01 -3.571243450662256458e-01 -4.305275285460209433e-01
8.958958958958959329e+01 -3.506946238836412544e-01 -4.255130250578489370e-01
8.968968968968970046e+01 -3.439578228249046687e-01 -4.200812666320273281e-01
8.978978978978979342e+01 -3.365897779300210946e-01 -4.140450393154262443e-01
8.988988988988990059e+01 -3.282204127982934483e-01 -4.071782450200243653e-01
8.998998998998999355e+01 -3.184359138545138079e-01 -3.992170768923408719e-01
9.009009009009010072e+01 -3.068542464083107713e-01 -3.899538476616919436e-01
9.019019019019019368e+01 -2.930932210851401321e-01 -3.791810204684222252e-01
9.029029029029030085e+01 -2.766282031682427145e-01 -3.666557663264048417e-01
9.039039039039039380e+01 -2.567829788062362395e-01 -3.521064914195289886e-01
9.049049049049050097e+01 -2.327297550131151860e-01 -3.352768415235783395e-01
9.059059059059059393e+01 -2.034754822462276347e-01 -3.158402356200752381e-01
9.069069069069070110e+01 -1.676245941761086988e-01 -2.933477077012222600e-01
9.079079079079079406e+01 -1.231421812432487856e-01 -2.672274474049270987e-01
9.089089089089090123e+01 -6.732898066361830969e-02 -2.367442677098111903e-01
9.099099099099099419e+01 3.057219954989129351e-03 -2.007843803323376419e-01
9.109109109109110136e+01 9.142038834293483851e-02 -1.577027699645777714e-01
9.119119119119119432e+01 1.968026252581927260e-01 -1.053121116595517048e-01
9.129129129129130149e+01 3.092306724534842899e-01 -4.089819598152193147e-02
9.139139139139139445e+01 4.083699393401590272e-01 3.884486534114788003e-02
9.149149149149150162e+01 4.771852633038002889e-01 1.354989268791155221e-01
9.159159159159159458e+01 5.144379585190351767e-01 2.447212626473827257e-01
9.169169169169170175e+01 5.299085372382175141e-01 3.512053905641064899e-01
9.179179179179179471e+01 5.331113095998114559e-01 4.352684183996301526e-01
9.189189189189190188e+01 5.298659030803559711e-01 4.872206596048551108e-01
9.199199199199199484e+01 5.231272042654837584e-01 5.119904413359325224e-01
9.209209209209210201e+01 5.143327887178563707e-01 5.196713994420839589e-01
9.219219219219219497e+01 5.041941497746100787e-01 5.181217504111327310e-01
9.229229229229230214e+01 4.930687800483050109e-01 5.116939995285256781e-01
9.239239239239239510e+01 4.811765212713070561e-01 5.026629126691058991e-01
9.249249249249250227e+01 4.686634828538208675e-01 4.921807373909918848e-01
9.259259259259259522e+01 4.556763794058806827e-01 4.808806329363252141e-01
9.269269269269270239e+01 4.423182038220107581e-01 4.691241820363375448e-01
9.279279279279279535e+01 4.287297221925108759e-01 4.571714351006957999e-01
9.289289289289290252e+01 4.150546329036898796e-01 4.452039872486087679e-01
9.299299299299299548e+01 4.014064521422716636e-01 4.334089969882610194e-01
9.309309309309310265e+01 3.879174228315006578e-01 4.219191662971985557e-01
9.319319319319319561e+01 3.747342523780781698e-01 4.108601002277310621e-01
9.329329329329330278e+01 3.619694952120943721e-01 4.003561162448854294e-01
9.339339339339339574e+01 3.497159551699118296e-01 3.904829277074608473e-01
9.349349349349350291e+01 3.380381620814176258e-01 3.812824414587982491e-01
9.359359359359359587e+01 3.269698837101409628e-01 3.727594924302992663e-01
9.369369369369370304e+01 3.164986730407085558e-01 3.648779038214761683e-01
9.379379379379379600e+01 3.065610011301365123e-01 3.575387176105883080e-01
9.389389389389390317e+01 2.970455310794700154e-01 3.505929101830895234e-01
9.399399399399399613e+01 2.877570262437502691e-01 3.438401764547082684e-01
9.409409409409410330e+01 2.784158497201085769e-01 3.370276127457406123e-01
9.419419419419419626e+01 2.686579643477719492e-01 3.298497167810495734e-01
9.429429429429430343e+01 2.580349327080615485e-01 3.219483876900645081e-01
9.439439439439439639e+01 2.460139171243926337e-01 3.129107412411122890e-01
9.449449449449450356e+01 2.319776796622727844e-01 3.023767755259627599e-01
9.459459459459459651e+01 2.152245821293096162e-01 2.899515859217488556e-01
9.469469469469470368e+01 1.949162412408021461e-01 2.750911036808089682e-01
9.479479479479479664e+01 1.699421115490176715e-01 2.571011392976432219e-01
9.489489489489490381e+01 1.388311187304532290e-01 2.351373825089138614e-01
9.499499499499499677e+01 9.971905856120653888e-02 2.082054022934405058e-01
9.509509509509510394e+01 4.998791831677353026e-02 1.751165420236409365e-01
9.519519519519519690e+01 -1.345539344645965696e-02 1.341019192505034652e-01
9.529529529529530407e+01 -9.317048425796856104e-02 8.266464707987523919e-02
9.539539539539539703e+01 -1.890787579048600064e-01 1.764678850558992762e-02
9.549549549549550420e+01 -2.932821703531865998e-01 -6.446216176265491538e-02
9.559559559559559716e+01 -3.889396760691725130e-01 -1.645227574214118971e-01
9.569569569569570433e+01 -4.597717369262756537e-01 -2.758710491267747367e-01
9.579579579579579729e+01 -5.015478343868798872e-01 -3.808030675904993667e-01
9.589589589589590446e+01 -5.215416968439484657e-01 -4.594727478571821178e-01
9.599599599599599742e+01 -5.284160322251661990e-01 -5.053285285453571474e-01
9.609609609609610459e+01 -5.280899011910993313e-01 -5.263174848646154924e-01
9.619619619619619755e+01 -5.237719102897430146e-01 -5.327141542277655795e-01
9.629629629629630472e+01 -5.170631793873343707e-01 -5.313226767201598699e-01
9.639639639639639768e+01 -5.087345681853127077e-01 -5.257454229808540269e-01
9.649649649649650485e+01 -4.991454421333357816e-01 -5.177589392095242049e-01
9.659659659659659781e+01 -4.884939917501410211e-01 -5.082273841467404019e-01
9.669669669669670498e+01 -4.768740560354625124e-01 -4.975695608465978137e-01
9.679679679679679793e+01 -4.643810884943173067e-01 -4.860331022129149026e-01
9.689689689689690510e+01 -4.510670873959902738e-01 -4.737617329397265653e-01
9.699699699699699806e+01 -4.370062251694046829e-01 -4.608985044528801645e-01
9.709709709709710523e+01 -4.222997317767792080e-01 -4.475377368137926082e-01
9.719719719719719819e+01 -4.070160013043639391e-01 -4.338083936694050458e-01
9.729729729729730536e+01 -3.912398658328428702e-01 -4.198475329582351256e-01
9.739739739739739832e+01 -3.750876551126455238e-01 -4.057613753661268308e-01
9.749749749749750549e+01 -3.586706270016661868e-01 -3.916800756498350355e-01
9.759759759759759845e+01 -3.420818872308418190e-01 -3.777548337075566365e-01
9.769769769769770562e+01 -3.254113039198654467e-01 -3.641059902818986060e-01
9.779779779779779858e+01 -3.087366107669831106e-01 -3.508401962681087505e-01
9.789789789789790575e+01 -2.921206319707568833e-01 -3.380459694374210455e-01
9.799799799799799871e+01 -2.755710161139872105e-01 -3.257915603334594623e-01
9.809809809809810588e+01 -2.591189305474586035e-01 -3.141086578489863390e-01
9.819819819819819884e+01 -2.427163622861873982e-01 -3.029832048434826230e-01
9.829829829829830601e+01 -2.261988219015200197e-01 -2.923412287588447733e-01
9.839839839839839897e+01 -2.092853435211302626e-01 -2.820314795750277215e-01
9.849849849849850614e+01 -1.915784848290292275e-01 -2.718254298100515887e-01
9.859859859859859910e+01 -1.725643270655506656e-01 -2.614172745199996317e-01
9.869869869869870627e+01 -1.516124750273607213e-01 -2.504239312990186317e-01
9.879879879879879923e+01 -1.279345724018009778e-01 -2.383850402793168954e-01
9.889889889889890640e+01 -1.002942636996459469e-01 -2.247597516848580945e-01
9.899899899899899935e+01 -6.714415995581290986e-02 -2.088389185465182873e-01
9.909909909909910652e+01 -2.661352217526621183e-02 -1.897912430866045552e-01
9.919919919919919948e+01 2.350610123107886584e-02 -1.665205562187321020e-01
9.929929929929930665e+01 8.544574755951653278e-02 -1.376077817297753358e-01
9.939939939939939961e+01 1.595913981652251623e-01 -1.013163396648138759e-01
9.949949949949950678e+01 2.429732602435110134e-01 -5.533911361136910345e-02
9.959959959959959974e+01 3.266038458052977766e-01 3.353916660515834924e-03
9.969969969969970691e+01 3.984444966993649917e-01 7.739150718639829785e-02
9.979979979979979987e+01 4.502834561800478919e-01 1.677629680217073704e-01
9.989989989989990704e+01 4.818256220966558034e-01 2.683350728886523262e-01
1.000000000000000000e+02 4.983849893525942321e-01 3.654068136312842441e-01
