#     it    Ltra    Lval
     1   0.2587   0.2567
     2   0.2065   0.1763
     3   0.1982   0.1761
     4   0.1981   0.1761
     5   0.1978   0.1762
     6   0.1972   0.1778
     7   0.1964   0.1816
     8   0.1954   0.1792
     9   0.1946   0.1694
    10   0.1943   0.1683
    11   0.1928   0.1685
    12   0.1902   0.1714
    13   0.1886   0.1747
    14   0.1878   0.1692
    15   0.1864   0.1716
    16   0.1799   0.1684
    17   0.1767   0.1771
    18   0.1746   0.1679
    19   0.1691   0.1556
    20   0.1668   0.1568
    21   0.1662   0.1617
    22   0.1643   0.1432
    23   0.1620   0.1441
    24   0.1594   0.1510
    25   0.1578   0.1463
    26   0.1555   0.1440
    27   0.1518   0.1351
    28   0.1494   0.1449
    29   0.1477   0.1330
    30   0.1448   0.1323
    31   0.1433   0.1269
    32   0.1419   0.1307
    33   0.1405   0.1292
    34   0.1399   0.1276
    35   0.1388   0.1260
    36   0.1379   0.1128
    37   0.1362   0.1223
    38   0.1354   0.1235
    39   0.1333   0.1213
    40   0.1308   0.1175
    41   0.1277   0.1069
    42   0.1239   0.1066
    43   0.1228   0.1001
    44   0.1221   0.1007
    45   0.1202   0.1027
    46   0.1190   0.0910
    47   0.1186   0.0974
    48   0.1180   0.0974
    49   0.1176   0.0962
    50   0.1168   0.1007
    51   0.1160   0.0926
    52   0.1157   0.0931
    53   0.1151   0.0962
    54   0.1147   0.0975
    55   0.1136   0.0932
    56   0.1123   0.0909
    57   0.1115   0.0708
    58   0.1106   0.0827
    59   0.1101   0.0781
    60   0.1096   0.0760
    61   0.1084   0.0734
    62   0.1076   0.0709
    63   0.1070   0.0716
    64   0.1064   0.0715
    65   0.1059   0.0668
    66   0.1058   0.0676
    67   0.1055   0.0658
    68   0.1052   0.0646
    69   0.1047   0.0668
    70   0.1042   0.0677
    71   0.1036   0.0708
    72   0.1025   0.0638
    73   0.1023   0.0724
    74   0.1019   0.0660
    75   0.1016   0.0642
    76   0.1011   0.0650
    77   0.1011   0.0617
    78   0.1010   0.0634
    79   0.1010   0.0633
    80   0.1010   0.0632
    81   0.1008   0.0630
    82   0.1008   0.0625
    83   0.1006   0.0631
    84   0.1004   0.0606
    85   0.1003   0.0632
    86   0.1002   0.0600
    87   0.1002   0.0598
    88   0.1001   0.0591
    89   0.1000   0.0591
    90   0.0999   0.0584
    91   0.0996   0.0582
    92   0.0995   0.0553
    93   0.0994   0.0558
    94   0.0993   0.0573
    95   0.0991   0.0562
    96   0.0990   0.0568
    97   0.0989   0.0577
    98   0.0988   0.0574
    99   0.0986   0.0565
   100   0.0982   0.0539
   101   0.0981   0.0552
   102   0.0980   0.0563
   103   0.0980   0.0566
   104   0.0979   0.0552
   105   0.0979   0.0546
   106   0.0978   0.0550
   107   0.0978   0.0547
   108   0.0977   0.0544
   109   0.0976   0.0551
   110   0.0975   0.0541
   111   0.0973   0.0507
   112   0.0972   0.0518
   113   0.0972   0.0528
   114   0.0971   0.0519
   115   0.0971   0.0517
   116   0.0971   0.0517
   117   0.0971   0.0508
   118   0.0970   0.0508
   119   0.0970   0.0506
   120   0.0970   0.0503
   121   0.0969   0.0500
   122   0.0968   0.0499
   123   0.0967   0.0481
   124   0.0967   0.0495
   125   0.0966   0.0499
   126   0.0966   0.0501
   127   0.0965   0.0497
   128   0.0965   0.0499
   129   0.0965   0.0510
   130   0.0964   0.0505
   131   0.0964   0.0503
   132   0.0963   0.0518
   133   0.0963   0.0493
   134   0.0963   0.0501
   135   0.0962   0.0506
   136   0.0962   0.0505
   137   0.0962   0.0502
   138   0.0962   0.0504
   139   0.0962   0.0506
   140   0.0962   0.0494
   141   0.0962   0.0506
   142   0.0961   0.0502
   143   0.0961   0.0501
   144   0.0961   0.0506
   145   0.0961   0.0505
   146   0.0960   0.0504
   147   0.0960   0.0507
   148   0.0960   0.0489
   149   0.0959   0.0494
   150   0.0959   0.0493
   151   0.0959   0.0497
   152   0.0959   0.0496
   153   0.0959   0.0498
   154   0.0959   0.0502
   155   0.0959   0.0497
   156   0.0959   0.0498
   157   0.0959   0.0499
   158   0.0958   0.0497
   159   0.0958   0.0501
   160   0.0958   0.0490
   161   0.0957   0.0497
   162   0.0957   0.0487
   163   0.0957   0.0488
   164   0.0957   0.0485
   165   0.0957   0.0487
   166   0.0957   0.0481
   167   0.0957   0.0484
   168   0.0956   0.0486
   169   0.0956   0.0485
   170   0.0956   0.0489
   171   0.0955   0.0495
   172   0.0955   0.0494
   173   0.0955   0.0490
   174   0.0954   0.0491
   175   0.0954   0.0490
   176   0.0954   0.0491
   177   0.0954   0.0490
   178   0.0954   0.0488
   179   0.0954   0.0491
   180   0.0954   0.0489
   181   0.0954   0.0488
   182   0.0954   0.0485
   183   0.0954   0.0484
   184   0.0954   0.0488
   185   0.0954   0.0482
   186   0.0954   0.0484
   187   0.0954   0.0488
   188   0.0954   0.0487
   189   0.0954   0.0486
   190   0.0954   0.0485
   191   0.0954   0.0483
   192   0.0953   0.0478
   193   0.0953   0.0482
   194   0.0953   0.0482
   195   0.0953   0.0486
   196   0.0953   0.0482
   197   0.0953   0.0483
   198   0.0953   0.0484
   199   0.0953   0.0486
   200   0.0953   0.0487
   201   0.0953   0.0486
   202   0.0953   0.0487
   203   0.0953   0.0484
   204   0.0952   0.0484
   205   0.0952   0.0479
   206   0.0952   0.0481
   207   0.0952   0.0483
   208   0.0952   0.0485
   209   0.0952   0.0487
   210   0.0952   0.0491
   211   0.0952   0.0494
   212   0.0952   0.0494
   213   0.0952   0.0495
   214   0.0952   0.0493
   215   0.0951   0.0489
   216   0.0951   0.0482
   217   0.0951   0.0485
   218   0.0951   0.0485
   219   0.0951   0.0486
   220   0.0951   0.0487
   221   0.0951   0.0483
   222   0.0951   0.0484
   223   0.0951   0.0476
   224   0.0951   0.0476
   225   0.0951   0.0479
   226   0.0951   0.0480
   227   0.0951   0.0480
   228   0.0951   0.0477
   229   0.0951   0.0477
   230   0.0950   0.0477
   231   0.0950   0.0475
   232   0.0950   0.0476
   233   0.0950   0.0478
   234   0.0950   0.0483
   235   0.0950   0.0480
   236   0.0950   0.0484
   237   0.0950   0.0484
   238   0.0950   0.0482
   239   0.0950   0.0481
   240   0.0950   0.0481
   241   0.0950   0.0480
   242   0.0950   0.0480
   243   0.0950   0.0481
   244   0.0950   0.0481
   245   0.0950   0.0483
   246   0.0950   0.0482
   247   0.0950   0.0484
   248   0.0950   0.0483
   249   0.0950   0.0483
   250   0.0950   0.0482
   251   0.0950   0.0482
   252   0.0950   0.0482
   253   0.0950   0.0484
   254   0.0950   0.0483
   255   0.0950   0.0483
   256   0.0950   0.0482
   257   0.0950   0.0482
   258   0.0950   0.0483
   259   0.0950   0.0482
   260   0.0950   0.0484
   261   0.0950   0.0485
   262   0.0950   0.0485
   263   0.0950   0.0484
   264   0.0950   0.0483
   265   0.0950   0.0483
   266   0.0950   0.0483
   267   0.0950   0.0484
   268   0.0950   0.0484
   269   0.0950   0.0484
   270   0.0950   0.0483
   271   0.0950   0.0484
   272   0.0950   0.0482
   273   0.0950   0.0482
   274   0.0950   0.0484
   275   0.0950   0.0484
   276   0.0950   0.0484
   277   0.0950   0.0484
   278   0.0950   0.0484
   279   0.0950   0.0483
   280   0.0950   0.0483
   281   0.0950   0.0483
   282   0.0950   0.0483
   283   0.0950   0.0484
   284   0.0949   0.0484
   285   0.0949   0.0483
   286   0.0949   0.0483
   287   0.0949   0.0484
   288   0.0949   0.0484
   289   0.0949   0.0484
   290   0.0949   0.0485
   291   0.0949   0.0485
   292   0.0949   0.0485
   293   0.0949   0.0486
   294   0.0949   0.0486
   295   0.0949   0.0487
   296   0.0949   0.0487
   297   0.0949   0.0487
   298   0.0949   0.0486
   299   0.0949   0.0487
   300   0.0949   0.0486
   301   0.0949   0.0486
   302   0.0949   0.0487
   303   0.0949   0.0487
   304   0.0949   0.0487
   305   0.0949   0.0488
   306   0.0949   0.0486
   307   0.0949   0.0487
   308   0.0949   0.0487
   309   0.0949   0.0487
   310   0.0949   0.0487
   311   0.0949   0.0486
   312   0.0949   0.0486
   313   0.0949   0.0486
   314   0.0949   0.0486
   315   0.0949   0.0487
   316   0.0949   0.0488
   317   0.0949   0.0488
   318   0.0949   0.0488
   319   0.0949   0.0488
   320   0.0949   0.0487
   321   0.0949   0.0488
   322   0.0949   0.0488
   323   0.0949   0.0488
   324   0.0949   0.0489
   325   0.0949   0.0488
   326   0.0949   0.0489
   327   0.0949   0.0489
   328   0.0949   0.0488
   329   0.0949   0.0488
   330   0.0949   0.0488
   331   0.0949   0.0489
   332   0.0949   0.0489
   333   0.0949   0.0489
   334   0.0949   0.0489
   335   0.0949   0.0489
   336   0.0949   0.0489
   337   0.0949   0.0489
   338   0.0949   0.0488
   339   0.0949   0.0489
   340   0.0949   0.0489
   341   0.0949   0.0489
   342   0.0949   0.0489
   343   0.0949   0.0489
   344   0.0949   0.0489
   345   0.0949   0.0489
   346   0.0949   0.0491
   347   0.0949   0.0491
   348   0.0949   0.0493
   349   0.0949   0.0493
   350   0.0949   0.0490
   351   0.0949   0.0491
   352   0.0949   0.0492
   353   0.0949   0.0492
   354   0.0949   0.0491
   355   0.0949   0.0491
   356   0.0949   0.0491
   357   0.0949   0.0491
   358   0.0949   0.0493
   359   0.0949   0.0493
   360   0.0949   0.0493
   361   0.0949   0.0494
   362   0.0949   0.0494
   363   0.0949   0.0491
   364   0.0949   0.0492
   365   0.0949   0.0492
   366   0.0949   0.0492
   367   0.0949   0.0492
   368   0.0949   0.0492
   369   0.0949   0.0492
   370   0.0949   0.0492
   371   0.0949   0.0492
   372   0.0949   0.0490
   373   0.0949   0.0491
   374   0.0949   0.0492
   375   0.0949   0.0492
   376   0.0949   0.0493
   377   0.0949   0.0492
   378   0.0949   0.0491
   379   0.0949   0.0491
   380   0.0949   0.0491
   381   0.0949   0.0491
   382   0.0949   0.0491
   383   0.0949   0.0490
   384   0.0949   0.0492
   385   0.0949   0.0492
   386   0.0949   0.0492
   387   0.0949   0.0492
   388   0.0949   0.0491
   389   0.0949   0.0491
   390   0.0949   0.0491
   391   0.0949   0.0491
   392   0.0949   0.0491
   393   0.0949   0.0491
   394   0.0949   0.0490
   395   0.0949   0.0489
   396   0.0949   0.0490
   397   0.0949   0.0490
   398   0.0949   0.0490
   399   0.0949   0.0490
   400   0.0949   0.0491
   401   0.0949   0.0491
   402   0.0949   0.0491
   403   0.0949   0.0491
   404   0.0949   0.0490
   405   0.0949   0.0490
   406   0.0949   0.0490
   407   0.0949   0.0491
   408   0.0949   0.0491
   409   0.0949   0.0491
   410   0.0949   0.0491
   411   0.0949   0.0490
   412   0.0949   0.0491
   413   0.0949   0.0491
   414   0.0949   0.0491
   415   0.0949   0.0491
   416   0.0949   0.0491
   417   0.0949   0.0491
   418   0.0949   0.0491
   419   0.0949   0.0491
   420   0.0949   0.0491
   421   0.0949   0.0491
   422   0.0949   0.0491
   423   0.0949   0.0491
   424   0.0949   0.0491
   425   0.0949   0.0491
   426   0.0949   0.0491
   427   0.0949   0.0491
   428   0.0949   0.0491
   429   0.0949   0.0492
   430   0.0949   0.0492
   431   0.0949   0.0492
   432   0.0949   0.0492
   433   0.0949   0.0492
   434   0.0949   0.0491
   435   0.0949   0.0491
   436   0.0949   0.0492
   437   0.0949   0.0492
   438   0.0949   0.0492
   439   0.0949   0.0492
   440   0.0949   0.0492
   441   0.0949   0.0492
   442   0.0949   0.0492
   443   0.0949   0.0491
   444   0.0949   0.0492
   445   0.0949   0.0491
   446   0.0949   0.0492
   447   0.0949   0.0492
   448   0.0949   0.0492
   449   0.0949   0.0492
   450   0.0949   0.0492
   451   0.0949   0.0492
   452   0.0949   0.0492
   453   0.0949   0.0492
   454   0.0949   0.0492
   455   0.0949   0.0492
   456   0.0949   0.0492
   457   0.0949   0.0492
   458   0.0949   0.0492
