#     it    Ltra    Lval
     1   0.2425   0.2807
     2   0.2186   0.2328
     3   0.2011   0.1633
     4   0.1967   0.1788
     5   0.1964   0.1765
     6   0.1961   0.1749
     7   0.1960   0.1756
     8   0.1959   0.1762
     9   0.1958   0.1775
    10   0.1955   0.1792
    11   0.1951   0.1808
    12   0.1945   0.1799
    13   0.1937   0.1808
    14   0.1929   0.1734
    15   0.1927   0.1775
    16   0.1922   0.1777
    17   0.1917   0.1781
    18   0.1915   0.1766
    19   0.1913   0.1741
    20   0.1911   0.1737
    21   0.1910   0.1748
    22   0.1906   0.1751
    23   0.1902   0.1738
    24   0.1895   0.1786
    25   0.1892   0.1713
    26   0.1889   0.1690
    27   0.1882   0.1702
    28   0.1879   0.1704
    29   0.1874   0.1699
    30   0.1870   0.1698
    31   0.1865   0.1718
    32   0.1855   0.1717
    33   0.1849   0.1701
    34   0.1834   0.1701
    35   0.1815   0.1635
    36   0.1803   0.1695
    37   0.1782   0.1714
    38   0.1767   0.1705
    39   0.1734   0.1701
    40   0.1721   0.1554
    41   0.1710   0.1586
    42   0.1701   0.1540
    43   0.1679   0.1568
    44   0.1637   0.1669
    45   0.1614   0.1715
    46   0.1564   0.1580
    47   0.1505   0.1376
    48   0.1471   0.1428
    49   0.1457   0.1450
    50   0.1437   0.1396
    51   0.1416   0.1443
    52   0.1406   0.1414
    53   0.1355   0.1285
    54   0.1332   0.1263
    55   0.1310   0.1229
    56   0.1283   0.1055
    57   0.1251   0.1127
    58   0.1245   0.1134
    59   0.1238   0.1071
    60   0.1227   0.1098
    61   0.1216   0.1096
    62   0.1208   0.1089
    63   0.1191   0.1084
    64   0.1182   0.1010
    65   0.1176   0.1006
    66   0.1172   0.1017
    67   0.1162   0.0974
    68   0.1152   0.0959
    69   0.1142   0.0871
    70   0.1131   0.0943
    71   0.1126   0.0978
    72   0.1115   0.0953
    73   0.1101   0.0905
    74   0.1093   0.0905
    75   0.1090   0.0889
    76   0.1087   0.0900
    77   0.1084   0.0897
    78   0.1080   0.0901
    79   0.1077   0.0836
    80   0.1075   0.0843
    81   0.1074   0.0850
    82   0.1073   0.0839
    83   0.1070   0.0838
    84   0.1068   0.0818
    85   0.1065   0.0815
    86   0.1064   0.0818
    87   0.1063   0.0813
    88   0.1061   0.0799
    89   0.1059   0.0798
    90   0.1058   0.0772
    91   0.1058   0.0806
    92   0.1057   0.0789
    93   0.1057   0.0783
    94   0.1056   0.0781
    95   0.1055   0.0764
    96   0.1054   0.0758
    97   0.1053   0.0755
    98   0.1051   0.0752
    99   0.1047   0.0732
   100   0.1045   0.0787
   101   0.1043   0.0767
   102   0.1041   0.0735
   103   0.1040   0.0740
   104   0.1040   0.0743
   105   0.1038   0.0742
   106   0.1036   0.0749
   107   0.1034   0.0732
   108   0.1032   0.0732
   109   0.1031   0.0731
   110   0.1031   0.0736
   111   0.1030   0.0741
   112   0.1029   0.0745
   113   0.1028   0.0763
   114   0.1027   0.0744
   115   0.1027   0.0739
   116   0.1025   0.0732
   117   0.1024   0.0735
   118   0.1022   0.0732
   119   0.1021   0.0726
   120   0.1020   0.0721
   121   0.1019   0.0716
   122   0.1019   0.0726
   123   0.1018   0.0717
   124   0.1017   0.0718
   125   0.1017   0.0709
   126   0.1016   0.0734
   127   0.1014   0.0720
   128   0.1012   0.0712
   129   0.1011   0.0709
   130   0.1009   0.0710
   131   0.1009   0.0712
   132   0.1008   0.0711
   133   0.1008   0.0702
   134   0.1007   0.0705
   135   0.1007   0.0694
   136   0.1006   0.0690
   137   0.1005   0.0684
   138   0.1005   0.0693
   139   0.1005   0.0693
   140   0.1005   0.0695
   141   0.1004   0.0697
   142   0.1004   0.0697
   143   0.1003   0.0698
   144   0.1002   0.0695
   145   0.1002   0.0707
   146   0.1001   0.0701
   147   0.1001   0.0702
   148   0.1000   0.0713
   149   0.1000   0.0702
   150   0.1000   0.0721
   151   0.0999   0.0732
   152   0.0998   0.0749
   153   0.0995   0.0748
   154   0.0993   0.0748
   155   0.0991   0.0738
   156   0.0989   0.0761
   157   0.0988   0.0756
   158   0.0988   0.0742
   159   0.0987   0.0743
   160   0.0987   0.0750
   161   0.0986   0.0745
   162   0.0986   0.0753
   163   0.0985   0.0752
   164   0.0984   0.0743
   165   0.0984   0.0745
   166   0.0984   0.0745
   167   0.0983   0.0745
   168   0.0983   0.0753
   169   0.0983   0.0745
   170   0.0983   0.0737
   171   0.0982   0.0734
   172   0.0982   0.0738
   173   0.0981   0.0743
   174   0.0980   0.0738
   175   0.0979   0.0737
   176   0.0978   0.0736
   177   0.0977   0.0735
   178   0.0975   0.0722
   179   0.0973   0.0709
   180   0.0969   0.0697
   181   0.0963   0.0704
   182   0.0956   0.0624
   183   0.0954   0.0609
   184   0.0953   0.0615
   185   0.0951   0.0650
   186   0.0949   0.0606
   187   0.0948   0.0597
   188   0.0947   0.0578
   189   0.0946   0.0592
   190   0.0945   0.0578
   191   0.0944   0.0562
   192   0.0943   0.0573
   193   0.0941   0.0581
   194   0.0940   0.0586
   195   0.0938   0.0529
   196   0.0937   0.0540
   197   0.0936   0.0558
   198   0.0936   0.0560
   199   0.0936   0.0556
   200   0.0935   0.0548
   201   0.0935   0.0536
   202   0.0934   0.0536
   203   0.0934   0.0514
   204   0.0934   0.0522
   205   0.0933   0.0524
   206   0.0933   0.0522
   207   0.0932   0.0512
   208   0.0931   0.0494
   209   0.0930   0.0442
   210   0.0927   0.0462
   211   0.0926   0.0441
   212   0.0926   0.0441
   213   0.0925   0.0444
   214   0.0924   0.0438
   215   0.0922   0.0451
   216   0.0921   0.0445
   217   0.0921   0.0447
   218   0.0920   0.0439
   219   0.0920   0.0431
   220   0.0919   0.0427
   221   0.0918   0.0429
   222   0.0918   0.0428
   223   0.0917   0.0419
   224   0.0917   0.0421
   225   0.0915   0.0413
   226   0.0915   0.0429
   227   0.0915   0.0422
   228   0.0914   0.0423
   229   0.0914   0.0423
   230   0.0914   0.0424
   231   0.0914   0.0421
   232   0.0913   0.0418
   233   0.0912   0.0415
   234   0.0912   0.0418
   235   0.0911   0.0427
   236   0.0911   0.0424
   237   0.0911   0.0428
   238   0.0911   0.0424
   239   0.0911   0.0429
   240   0.0911   0.0430
   241   0.0910   0.0429
   242   0.0910   0.0424
   243   0.0910   0.0427
   244   0.0910   0.0421
   245   0.0909   0.0424
   246   0.0909   0.0424
   247   0.0909   0.0427
   248   0.0909   0.0427
   249   0.0909   0.0428
   250   0.0909   0.0431
   251   0.0908   0.0428
   252   0.0908   0.0425
   253   0.0908   0.0425
   254   0.0908   0.0424
   255   0.0908   0.0427
   256   0.0908   0.0423
   257   0.0908   0.0426
   258   0.0908   0.0428
   259   0.0907   0.0428
   260   0.0907   0.0426
   261   0.0907   0.0427
   262   0.0907   0.0424
   263   0.0907   0.0422
   264   0.0907   0.0419
   265   0.0907   0.0416
   266   0.0907   0.0415
   267   0.0907   0.0415
   268   0.0907   0.0417
   269   0.0907   0.0417
   270   0.0907   0.0417
   271   0.0907   0.0415
   272   0.0907   0.0416
   273   0.0907   0.0418
   274   0.0907   0.0418
   275   0.0906   0.0419
   276   0.0906   0.0419
   277   0.0906   0.0424
   278   0.0906   0.0423
   279   0.0906   0.0421
   280   0.0906   0.0425
   281   0.0906   0.0422
   282   0.0906   0.0422
   283   0.0906   0.0422
   284   0.0906   0.0422
   285   0.0906   0.0419
   286   0.0906   0.0419
   287   0.0906   0.0418
   288   0.0906   0.0418
   289   0.0906   0.0418
   290   0.0906   0.0416
   291   0.0905   0.0419
   292   0.0905   0.0419
   293   0.0905   0.0421
   294   0.0905   0.0420
   295   0.0905   0.0420
   296   0.0905   0.0418
   297   0.0905   0.0416
   298   0.0905   0.0409
   299   0.0905   0.0409
   300   0.0905   0.0409
   301   0.0905   0.0408
   302   0.0905   0.0410
   303   0.0905   0.0408
   304   0.0905   0.0409
   305   0.0905   0.0410
   306   0.0905   0.0410
   307   0.0904   0.0409
   308   0.0904   0.0408
   309   0.0904   0.0408
   310   0.0904   0.0407
   311   0.0904   0.0407
   312   0.0904   0.0406
   313   0.0904   0.0405
   314   0.0904   0.0404
   315   0.0904   0.0405
   316   0.0904   0.0404
   317   0.0904   0.0404
   318   0.0904   0.0407
   319   0.0904   0.0406
   320   0.0904   0.0406
   321   0.0904   0.0406
   322   0.0904   0.0408
   323   0.0904   0.0408
   324   0.0904   0.0408
   325   0.0904   0.0407
   326   0.0904   0.0406
   327   0.0904   0.0404
   328   0.0904   0.0404
   329   0.0904   0.0405
   330   0.0904   0.0406
   331   0.0904   0.0406
   332   0.0904   0.0408
   333   0.0904   0.0408
   334   0.0904   0.0407
   335   0.0904   0.0407
   336   0.0904   0.0407
   337   0.0904   0.0407
   338   0.0904   0.0407
   339   0.0904   0.0407
   340   0.0904   0.0409
   341   0.0904   0.0409
   342   0.0904   0.0411
   343   0.0904   0.0411
   344   0.0904   0.0410
   345   0.0904   0.0410
   346   0.0904   0.0410
   347   0.0904   0.0411
   348   0.0904   0.0412
   349   0.0904   0.0412
   350   0.0904   0.0413
   351   0.0904   0.0412
   352   0.0904   0.0412
   353   0.0904   0.0411
   354   0.0904   0.0411
   355   0.0904   0.0411
   356   0.0904   0.0411
   357   0.0904   0.0411
   358   0.0904   0.0411
   359   0.0904   0.0412
   360   0.0904   0.0411
   361   0.0904   0.0411
   362   0.0904   0.0412
   363   0.0904   0.0411
   364   0.0904   0.0411
   365   0.0904   0.0410
   366   0.0904   0.0408
   367   0.0904   0.0408
   368   0.0904   0.0407
   369   0.0904   0.0408
   370   0.0904   0.0408
   371   0.0904   0.0408
   372   0.0904   0.0409
   373   0.0904   0.0409
   374   0.0904   0.0410
   375   0.0904   0.0409
   376   0.0904   0.0409
   377   0.0904   0.0409
   378   0.0904   0.0408
   379   0.0903   0.0408
   380   0.0903   0.0408
   381   0.0903   0.0408
   382   0.0903   0.0408
   383   0.0903   0.0408
   384   0.0903   0.0409
   385   0.0903   0.0408
   386   0.0903   0.0409
   387   0.0903   0.0408
   388   0.0903   0.0409
   389   0.0903   0.0409
   390   0.0903   0.0409
   391   0.0903   0.0408
   392   0.0903   0.0408
   393   0.0903   0.0407
   394   0.0903   0.0408
   395   0.0903   0.0408
   396   0.0903   0.0408
   397   0.0903   0.0408
   398   0.0903   0.0408
   399   0.0903   0.0408
   400   0.0903   0.0408
   401   0.0903   0.0408
   402   0.0903   0.0409
   403   0.0903   0.0408
   404   0.0903   0.0408
   405   0.0903   0.0407
   406   0.0903   0.0408
   407   0.0903   0.0407
   408   0.0903   0.0407
   409   0.0903   0.0407
   410   0.0903   0.0407
   411   0.0903   0.0407
   412   0.0903   0.0407
   413   0.0903   0.0407
   414   0.0903   0.0407
   415   0.0903   0.0407
   416   0.0903   0.0408
   417   0.0903   0.0408
   418   0.0903   0.0408
   419   0.0903   0.0408
   420   0.0903   0.0408
   421   0.0903   0.0408
   422   0.0903   0.0408
   423   0.0903   0.0408
   424   0.0903   0.0408
   425   0.0903   0.0408
   426   0.0903   0.0408
   427   0.0903   0.0408
   428   0.0903   0.0408
   429   0.0903   0.0409
   430   0.0903   0.0409
   431   0.0903   0.0409
   432   0.0903   0.0409
   433   0.0903   0.0408
   434   0.0903   0.0408
   435   0.0903   0.0408
   436   0.0903   0.0408
   437   0.0903   0.0408
   438   0.0903   0.0408
   439   0.0903   0.0408
   440   0.0903   0.0408
   441   0.0903   0.0408
   442   0.0903   0.0408
   443   0.0903   0.0408
   444   0.0903   0.0408
   445   0.0903   0.0408
   446   0.0903   0.0408
   447   0.0903   0.0408
   448   0.0903   0.0408
   449   0.0903   0.0408
   450   0.0903   0.0408
   451   0.0903   0.0408
   452   0.0903   0.0408
   453   0.0903   0.0408
   454   0.0903   0.0408
   455   0.0903   0.0408
   456   0.0903   0.0408
   457   0.0903   0.0408
   458   0.0903   0.0408
   459   0.0903   0.0408
   460   0.0903   0.0407
   461   0.0903   0.0407
   462   0.0903   0.0408
   463   0.0903   0.0408
   464   0.0903   0.0409
   465   0.0903   0.0409
   466   0.0903   0.0409
   467   0.0903   0.0409
   468   0.0903   0.0408
   469   0.0903   0.0409
   470   0.0903   0.0409
   471   0.0903   0.0409
   472   0.0903   0.0408
   473   0.0903   0.0408
   474   0.0903   0.0408
   475   0.0903   0.0408
   476   0.0903   0.0408
   477   0.0903   0.0408
   478   0.0903   0.0408
   479   0.0903   0.0408
   480   0.0903   0.0409
   481   0.0903   0.0409
   482   0.0903   0.0409
   483   0.0903   0.0409
   484   0.0903   0.0409
   485   0.0903   0.0409
   486   0.0903   0.0409
   487   0.0903   0.0409
   488   0.0903   0.0409
   489   0.0903   0.0409
   490   0.0903   0.0408
   491   0.0903   0.0408
   492   0.0903   0.0408
   493   0.0903   0.0409
   494   0.0903   0.0408
   495   0.0903   0.0408
   496   0.0903   0.0408
   497   0.0903   0.0408
   498   0.0903   0.0408
   499   0.0903   0.0408
   500   0.0903   0.0408
   501   0.0903   0.0407
   502   0.0903   0.0407
   503   0.0903   0.0407
   504   0.0903   0.0407
   505   0.0903   0.0408
   506   0.0903   0.0408
   507   0.0903   0.0408
   508   0.0903   0.0408
   509   0.0903   0.0408
   510   0.0903   0.0408
   511   0.0903   0.0407
   512   0.0903   0.0407
   513   0.0903   0.0407
   514   0.0903   0.0407
   515   0.0903   0.0408
   516   0.0903   0.0408
   517   0.0903   0.0407
   518   0.0903   0.0407
   519   0.0903   0.0407
   520   0.0903   0.0407
   521   0.0903   0.0407
   522   0.0903   0.0407
   523   0.0903   0.0407
   524   0.0903   0.0407
   525   0.0903   0.0407
   526   0.0903   0.0407
   527   0.0903   0.0407
   528   0.0903   0.0407
   529   0.0903   0.0407
   530   0.0903   0.0407
   531   0.0903   0.0407
   532   0.0903   0.0407
   533   0.0903   0.0407
   534   0.0903   0.0407
   535   0.0903   0.0407
   536   0.0903   0.0407
   537   0.0903   0.0407
   538   0.0903   0.0407
   539   0.0903   0.0407
   540   0.0903   0.0407
   541   0.0903   0.0407
   542   0.0903   0.0407
   543   0.0903   0.0407
   544   0.0903   0.0408
   545   0.0903   0.0408
   546   0.0903   0.0408
   547   0.0903   0.0408
   548   0.0903   0.0408
   549   0.0903   0.0408
   550   0.0903   0.0408
   551   0.0903   0.0408
   552   0.0903   0.0407
   553   0.0903   0.0407
   554   0.0903   0.0407
   555   0.0903   0.0408
   556   0.0903   0.0408
   557   0.0903   0.0408
   558   0.0903   0.0408
   559   0.0903   0.0408
   560   0.0903   0.0408
   561   0.0903   0.0408
   562   0.0903   0.0407
   563   0.0903   0.0407
   564   0.0903   0.0408
   565   0.0903   0.0407
   566   0.0903   0.0407
   567   0.0903   0.0408
   568   0.0903   0.0408
   569   0.0903   0.0408
   570   0.0903   0.0408
   571   0.0903   0.0408
   572   0.0903   0.0408
   573   0.0903   0.0408
   574   0.0903   0.0408
   575   0.0903   0.0408
   576   0.0903   0.0407
   577   0.0903   0.0408
   578   0.0903   0.0408
   579   0.0903   0.0408
   580   0.0903   0.0408
   581   0.0903   0.0407
