#     it    Ltra    Lval
     1   0.1889   0.1845
     2   0.1848   0.1753
     3   0.1622   0.1616
     4   0.1563   0.1595
     5   0.1426   0.1447
     6   0.1185   0.1020
     7   0.1087   0.0945
     8   0.0915   0.0942
     9   0.0864   0.0977
    10   0.0847   0.1013
    11   0.0827   0.0982
    12   0.0746   0.0968
    13   0.0714   0.0933
    14   0.0677   0.0916
    15   0.0594   0.0910
    16   0.0565   0.0917
    17   0.0524   0.0937
    18   0.0486   0.0923
    19   0.0440   0.0831
    20   0.0416   0.0769
    21   0.0389   0.0676
    22   0.0348   0.0518
    23   0.0344   0.0446
    24   0.0337   0.0442
    25   0.0333   0.0446
    26   0.0328   0.0445
    27   0.0318   0.0467
    28   0.0316   0.0471
    29   0.0314   0.0475
    30   0.0313   0.0474
    31   0.0311   0.0458
    32   0.0308   0.0424
    33   0.0306   0.0400
    34   0.0304   0.0392
    35   0.0302   0.0380
    36   0.0297   0.0359
    37   0.0290   0.0320
    38   0.0284   0.0283
    39   0.0278   0.0269
    40   0.0273   0.0258
    41   0.0270   0.0255
    42   0.0257   0.0250
    43   0.0247   0.0264
    44   0.0243   0.0259
    45   0.0234   0.0241
    46   0.0227   0.0216
    47   0.0219   0.0202
    48   0.0204   0.0188
    49   0.0180   0.0175
    50   0.0164   0.0206
    51   0.0161   0.0208
    52   0.0156   0.0205
    53   0.0155   0.0210
    54   0.0155   0.0208
    55   0.0154   0.0200
    56   0.0152   0.0198
    57   0.0151   0.0201
    58   0.0151   0.0193
    59   0.0147   0.0190
    60   0.0145   0.0195
    61   0.0143   0.0187
    62   0.0140   0.0189
    63   0.0136   0.0186
    64   0.0135   0.0183
    65   0.0134   0.0167
    66   0.0133   0.0174
    67   0.0132   0.0179
    68   0.0132   0.0178
    69   0.0131   0.0172
    70   0.0131   0.0170
    71   0.0130   0.0168
    72   0.0130   0.0165
    73   0.0130   0.0163
    74   0.0130   0.0162
    75   0.0130   0.0159
    76   0.0129   0.0158
    77   0.0129   0.0156
    78   0.0129   0.0155
    79   0.0127   0.0153
    80   0.0127   0.0152
    81   0.0126   0.0145
    82   0.0125   0.0144
    83   0.0122   0.0137
    84   0.0120   0.0132
    85   0.0119   0.0128
    86   0.0116   0.0124
    87   0.0115   0.0121
    88   0.0115   0.0116
    89   0.0112   0.0117
    90   0.0111   0.0125
    91   0.0105   0.0121
    92   0.0103   0.0120
    93   0.0101   0.0124
    94   0.0100   0.0123
    95   0.0098   0.0106
    96   0.0098   0.0111
    97   0.0097   0.0111
    98   0.0097   0.0110
    99   0.0097   0.0114
   100   0.0097   0.0115
   101   0.0097   0.0115
   102   0.0097   0.0115
   103   0.0096   0.0114
   104   0.0096   0.0114
   105   0.0096   0.0116
   106   0.0096   0.0111
   107   0.0096   0.0113
   108   0.0095   0.0111
   109   0.0095   0.0112
   110   0.0095   0.0114
   111   0.0095   0.0112
   112   0.0095   0.0112
   113   0.0095   0.0114
   114   0.0095   0.0114
   115   0.0095   0.0115
   116   0.0095   0.0117
   117   0.0095   0.0123
   118   0.0094   0.0124
   119   0.0094   0.0127
   120   0.0094   0.0128
   121   0.0093   0.0124
   122   0.0092   0.0124
   123   0.0091   0.0121
   124   0.0091   0.0121
   125   0.0091   0.0120
   126   0.0091   0.0121
   127   0.0090   0.0121
   128   0.0090   0.0123
   129   0.0090   0.0124
   130   0.0090   0.0124
   131   0.0090   0.0123
   132   0.0090   0.0122
   133   0.0090   0.0121
   134   0.0090   0.0121
   135   0.0089   0.0125
   136   0.0089   0.0132
   137   0.0088   0.0140
   138   0.0088   0.0140
   139   0.0088   0.0140
   140   0.0088   0.0130
   141   0.0088   0.0132
   142   0.0088   0.0132
   143   0.0088   0.0132
   144   0.0088   0.0131
   145   0.0087   0.0131
   146   0.0087   0.0131
   147   0.0087   0.0130
   148   0.0087   0.0129
   149   0.0086   0.0127
   150   0.0085   0.0129
   151   0.0085   0.0129
   152   0.0085   0.0131
   153   0.0085   0.0135
   154   0.0085   0.0137
   155   0.0085   0.0137
   156   0.0085   0.0137
   157   0.0085   0.0140
   158   0.0085   0.0139
   159   0.0085   0.0138
   160   0.0084   0.0137
   161   0.0084   0.0137
   162   0.0084   0.0137
   163   0.0083   0.0136
   164   0.0083   0.0136
   165   0.0083   0.0135
   166   0.0083   0.0137
   167   0.0083   0.0134
   168   0.0083   0.0135
   169   0.0082   0.0137
   170   0.0082   0.0139
   171   0.0082   0.0139
   172   0.0082   0.0139
   173   0.0082   0.0139
   174   0.0082   0.0140
   175   0.0082   0.0141
   176   0.0082   0.0142
   177   0.0081   0.0141
   178   0.0081   0.0142
   179   0.0081   0.0141
   180   0.0081   0.0143
   181   0.0081   0.0141
   182   0.0081   0.0139
   183   0.0081   0.0139
   184   0.0081   0.0136
   185   0.0081   0.0137
   186   0.0080   0.0136
   187   0.0080   0.0135
   188   0.0080   0.0134
   189   0.0080   0.0133
   190   0.0080   0.0132
   191   0.0080   0.0131
   192   0.0080   0.0131
   193   0.0080   0.0130
   194   0.0079   0.0128
   195   0.0079   0.0127
   196   0.0079   0.0127
   197   0.0079   0.0125
   198   0.0079   0.0126
   199   0.0079   0.0126
   200   0.0079   0.0126
   201   0.0078   0.0125
   202   0.0078   0.0124
   203   0.0078   0.0123
   204   0.0078   0.0122
   205   0.0078   0.0120
   206   0.0078   0.0118
   207   0.0078   0.0116
   208   0.0078   0.0115
   209   0.0078   0.0113
   210   0.0078   0.0111
   211   0.0077   0.0110
   212   0.0077   0.0109
   213   0.0077   0.0108
   214   0.0077   0.0109
   215   0.0077   0.0111
   216   0.0077   0.0114
   217   0.0077   0.0115
   218   0.0077   0.0114
   219   0.0077   0.0115
   220   0.0076   0.0114
   221   0.0076   0.0114
   222   0.0076   0.0113
   223   0.0076   0.0112
   224   0.0076   0.0111
   225   0.0076   0.0109
   226   0.0076   0.0108
   227   0.0076   0.0108
   228   0.0076   0.0107
   229   0.0076   0.0107
   230   0.0076   0.0107
   231   0.0076   0.0108
   232   0.0076   0.0108
   233   0.0076   0.0108
   234   0.0076   0.0108
   235   0.0076   0.0107
   236   0.0076   0.0107
   237   0.0076   0.0107
   238   0.0076   0.0107
   239   0.0076   0.0107
   240   0.0076   0.0107
   241   0.0076   0.0108
   242   0.0076   0.0108
   243   0.0076   0.0109
   244   0.0076   0.0108
   245   0.0076   0.0108
   246   0.0076   0.0107
   247   0.0076   0.0107
   248   0.0076   0.0107
   249   0.0076   0.0107
   250   0.0076   0.0107
   251   0.0076   0.0107
   252   0.0076   0.0106
   253   0.0075   0.0103
   254   0.0075   0.0102
   255   0.0075   0.0101
   256   0.0075   0.0102
   257   0.0075   0.0102
   258   0.0075   0.0102
   259   0.0075   0.0103
   260   0.0075   0.0103
   261   0.0075   0.0103
   262   0.0075   0.0103
   263   0.0075   0.0104
   264   0.0075   0.0105
   265   0.0075   0.0106
   266   0.0075   0.0107
   267   0.0075   0.0108
   268   0.0075   0.0107
   269   0.0075   0.0107
   270   0.0075   0.0108
   271   0.0075   0.0109
   272   0.0074   0.0111
   273   0.0074   0.0112
   274   0.0074   0.0113
   275   0.0074   0.0114
   276   0.0074   0.0113
   277   0.0074   0.0112
   278   0.0074   0.0112
   279   0.0074   0.0111
   280   0.0074   0.0111
   281   0.0074   0.0112
   282   0.0074   0.0113
   283   0.0074   0.0113
   284   0.0074   0.0113
   285   0.0074   0.0114
   286   0.0074   0.0114
   287   0.0074   0.0114
   288   0.0074   0.0116
   289   0.0074   0.0115
   290   0.0074   0.0114
   291   0.0074   0.0114
   292   0.0074   0.0115
   293   0.0074   0.0116
   294   0.0074   0.0116
   295   0.0074   0.0116
   296   0.0074   0.0116
   297   0.0074   0.0116
   298   0.0074   0.0117
   299   0.0074   0.0117
   300   0.0074   0.0117
   301   0.0074   0.0117
   302   0.0074   0.0117
   303   0.0074   0.0117
   304   0.0073   0.0117
   305   0.0073   0.0117
   306   0.0073   0.0116
   307   0.0073   0.0114
   308   0.0073   0.0113
   309   0.0073   0.0111
   310   0.0073   0.0108
   311   0.0073   0.0106
   312   0.0073   0.0105
   313   0.0073   0.0105
   314   0.0073   0.0105
   315   0.0073   0.0104
   316   0.0073   0.0103
   317   0.0073   0.0104
   318   0.0073   0.0105
   319   0.0073   0.0105
   320   0.0073   0.0106
   321   0.0073   0.0106
   322   0.0073   0.0106
   323   0.0073   0.0107
   324   0.0073   0.0107
   325   0.0073   0.0108
   326   0.0073   0.0107
   327   0.0072   0.0108
   328   0.0072   0.0106
   329   0.0072   0.0105
   330   0.0072   0.0104
   331   0.0072   0.0104
   332   0.0072   0.0104
   333   0.0072   0.0105
   334   0.0072   0.0105
   335   0.0072   0.0105
   336   0.0072   0.0106
   337   0.0072   0.0107
   338   0.0072   0.0107
   339   0.0072   0.0110
   340   0.0072   0.0110
   341   0.0072   0.0109
   342   0.0072   0.0109
   343   0.0072   0.0109
   344   0.0072   0.0110
   345   0.0072   0.0110
   346   0.0072   0.0110
   347   0.0072   0.0108
   348   0.0072   0.0108
   349   0.0071   0.0109
   350   0.0071   0.0109
   351   0.0071   0.0110
   352   0.0071   0.0109
   353   0.0071   0.0109
   354   0.0071   0.0109
   355   0.0071   0.0109
   356   0.0071   0.0109
   357   0.0071   0.0108
   358   0.0071   0.0109
   359   0.0071   0.0111
   360   0.0071   0.0110
   361   0.0071   0.0110
   362   0.0071   0.0110
   363   0.0071   0.0110
   364   0.0071   0.0110
   365   0.0071   0.0110
   366   0.0071   0.0110
   367   0.0071   0.0110
   368   0.0071   0.0109
   369   0.0071   0.0109
   370   0.0071   0.0109
   371   0.0071   0.0109
   372   0.0071   0.0109
   373   0.0071   0.0109
   374   0.0071   0.0108
   375   0.0071   0.0108
   376   0.0071   0.0108
   377   0.0071   0.0108
   378   0.0071   0.0109
   379   0.0071   0.0111
   380   0.0071   0.0110
   381   0.0071   0.0111
   382   0.0071   0.0111
   383   0.0071   0.0111
   384   0.0071   0.0111
   385   0.0071   0.0112
   386   0.0071   0.0112
   387   0.0071   0.0113
   388   0.0071   0.0114
   389   0.0071   0.0116
   390   0.0071   0.0116
   391   0.0071   0.0116
   392   0.0071   0.0116
   393   0.0071   0.0116
   394   0.0071   0.0115
   395   0.0071   0.0114
   396   0.0071   0.0112
   397   0.0071   0.0110
   398   0.0071   0.0107
   399   0.0071   0.0109
   400   0.0071   0.0109
   401   0.0070   0.0109
   402   0.0070   0.0109
   403   0.0070   0.0109
   404   0.0070   0.0110
   405   0.0070   0.0110
   406   0.0070   0.0109
   407   0.0070   0.0109
   408   0.0070   0.0109
   409   0.0070   0.0110
   410   0.0070   0.0111
   411   0.0070   0.0112
   412   0.0070   0.0112
   413   0.0070   0.0112
   414   0.0070   0.0112
   415   0.0070   0.0112
   416   0.0070   0.0111
   417   0.0070   0.0111
   418   0.0070   0.0110
   419   0.0070   0.0109
   420   0.0070   0.0109
   421   0.0070   0.0109
   422   0.0070   0.0109
   423   0.0070   0.0109
   424   0.0070   0.0108
   425   0.0070   0.0108
   426   0.0070   0.0107
   427   0.0070   0.0107
   428   0.0070   0.0107
   429   0.0070   0.0108
   430   0.0070   0.0109
   431   0.0070   0.0110
   432   0.0070   0.0110
   433   0.0070   0.0110
   434   0.0070   0.0110
   435   0.0070   0.0110
   436   0.0070   0.0111
   437   0.0070   0.0111
   438   0.0070   0.0111
   439   0.0070   0.0111
   440   0.0070   0.0111
   441   0.0070   0.0111
   442   0.0070   0.0111
   443   0.0070   0.0110
   444   0.0069   0.0110
   445   0.0069   0.0111
   446   0.0069   0.0110
   447   0.0069   0.0111
   448   0.0069   0.0111
   449   0.0069   0.0111
   450   0.0069   0.0111
   451   0.0069   0.0112
   452   0.0069   0.0112
   453   0.0069   0.0115
   454   0.0069   0.0117
   455   0.0069   0.0118
   456   0.0069   0.0117
   457   0.0069   0.0118
   458   0.0069   0.0118
   459   0.0069   0.0118
   460   0.0069   0.0119
   461   0.0069   0.0119
   462   0.0069   0.0118
   463   0.0069   0.0117
   464   0.0069   0.0117
   465   0.0068   0.0117
   466   0.0068   0.0117
   467   0.0068   0.0117
   468   0.0068   0.0118
   469   0.0068   0.0119
   470   0.0068   0.0119
   471   0.0068   0.0119
   472   0.0068   0.0119
   473   0.0068   0.0120
   474   0.0068   0.0121
   475   0.0068   0.0122
   476   0.0068   0.0126
   477   0.0068   0.0131
   478   0.0068   0.0133
   479   0.0067   0.0132
   480   0.0067   0.0128
   481   0.0067   0.0129
   482   0.0067   0.0129
   483   0.0067   0.0129
   484   0.0067   0.0128
   485   0.0067   0.0128
   486   0.0067   0.0128
   487   0.0067   0.0128
   488   0.0067   0.0128
   489   0.0067   0.0128
   490   0.0067   0.0127
   491   0.0067   0.0126
   492   0.0066   0.0126
   493   0.0066   0.0126
   494   0.0066   0.0125
   495   0.0066   0.0124
   496   0.0066   0.0123
   497   0.0066   0.0123
   498   0.0066   0.0122
   499   0.0066   0.0122
   500   0.0065   0.0121
   501   0.0065   0.0120
   502   0.0065   0.0119
   503   0.0065   0.0119
   504   0.0065   0.0119
   505   0.0065   0.0119
   506   0.0065   0.0119
   507   0.0065   0.0119
   508   0.0065   0.0118
   509   0.0065   0.0117
   510   0.0065   0.0116
   511   0.0064   0.0113
   512   0.0064   0.0113
   513   0.0064   0.0113
   514   0.0064   0.0113
   515   0.0064   0.0112
   516   0.0064   0.0110
   517   0.0064   0.0110
   518   0.0064   0.0109
   519   0.0064   0.0109
   520   0.0064   0.0108
   521   0.0064   0.0107
   522   0.0064   0.0109
   523   0.0064   0.0109
   524   0.0064   0.0105
   525   0.0064   0.0105
   526   0.0064   0.0107
   527   0.0064   0.0110
   528   0.0064   0.0109
   529   0.0064   0.0109
   530   0.0064   0.0110
   531   0.0064   0.0111
   532   0.0064   0.0111
   533   0.0064   0.0111
   534   0.0064   0.0111
   535   0.0064   0.0111
   536   0.0064   0.0111
   537   0.0064   0.0112
   538   0.0064   0.0112
   539   0.0064   0.0113
   540   0.0064   0.0112
   541   0.0064   0.0112
   542   0.0064   0.0111
   543   0.0064   0.0110
   544   0.0063   0.0109
   545   0.0063   0.0108
   546   0.0063   0.0107
   547   0.0063   0.0107
   548   0.0063   0.0108
   549   0.0063   0.0108
   550   0.0063   0.0109
   551   0.0063   0.0110
   552   0.0063   0.0111
   553   0.0063   0.0111
   554   0.0063   0.0114
   555   0.0063   0.0115
   556   0.0063   0.0117
   557   0.0063   0.0117
   558   0.0063   0.0118
   559   0.0063   0.0118
   560   0.0063   0.0118
   561   0.0063   0.0117
   562   0.0063   0.0117
   563   0.0063   0.0118
   564   0.0063   0.0117
   565   0.0063   0.0116
   566   0.0063   0.0116
   567   0.0063   0.0116
   568   0.0063   0.0114
   569   0.0063   0.0115
   570   0.0063   0.0116
   571   0.0062   0.0117
   572   0.0062   0.0118
   573   0.0062   0.0119
   574   0.0062   0.0120
   575   0.0062   0.0118
   576   0.0062   0.0118
   577   0.0062   0.0118
   578   0.0062   0.0117
   579   0.0062   0.0117
   580   0.0062   0.0118
   581   0.0062   0.0118
   582   0.0062   0.0119
   583   0.0062   0.0120
   584   0.0062   0.0120
   585   0.0062   0.0119
   586   0.0062   0.0119
   587   0.0062   0.0117
   588   0.0062   0.0118
   589   0.0062   0.0118
   590   0.0062   0.0118
   591   0.0062   0.0118
   592   0.0062   0.0117
   593   0.0062   0.0118
   594   0.0062   0.0118
   595   0.0062   0.0119
   596   0.0062   0.0119
   597   0.0062   0.0119
   598   0.0062   0.0119
   599   0.0062   0.0119
   600   0.0062   0.0118
   601   0.0062   0.0118
   602   0.0062   0.0118
   603   0.0062   0.0118
   604   0.0062   0.0118
   605   0.0062   0.0117
   606   0.0062   0.0118
   607   0.0062   0.0120
   608   0.0062   0.0121
   609   0.0062   0.0121
   610   0.0062   0.0121
   611   0.0062   0.0121
   612   0.0062   0.0120
   613   0.0062   0.0120
   614   0.0062   0.0121
   615   0.0062   0.0121
   616   0.0062   0.0121
   617   0.0062   0.0121
   618   0.0062   0.0121
   619   0.0062   0.0121
   620   0.0062   0.0121
   621   0.0062   0.0120
   622   0.0062   0.0120
   623   0.0062   0.0119
   624   0.0062   0.0119
   625   0.0062   0.0119
   626   0.0062   0.0119
   627   0.0062   0.0118
   628   0.0062   0.0118
   629   0.0062   0.0118
   630   0.0062   0.0118
   631   0.0062   0.0119
   632   0.0062   0.0119
   633   0.0062   0.0119
   634   0.0062   0.0119
   635   0.0062   0.0119
   636   0.0062   0.0118
   637   0.0062   0.0118
   638   0.0062   0.0118
   639   0.0062   0.0118
