#     it    Ltra    Lval
     1   0.1893   0.1856
     2   0.1881   0.1883
     3   0.1806   0.1987
     4   0.1712   0.2000
     5   0.1666   0.1952
     6   0.1640   0.1924
     7   0.1590   0.1866
     8   0.1529   0.1799
     9   0.1406   0.1714
    10   0.1179   0.1582
    11   0.1020   0.1388
    12   0.0981   0.1364
    13   0.0946   0.1335
    14   0.0864   0.1168
    15   0.0848   0.1113
    16   0.0810   0.1028
    17   0.0762   0.0976
    18   0.0739   0.0915
    19   0.0707   0.0898
    20   0.0657   0.0922
    21   0.0624   0.0926
    22   0.0604   0.0886
    23   0.0591   0.0939
    24   0.0584   0.0933
    25   0.0577   0.0955
    26   0.0567   0.0991
    27   0.0551   0.1025
    28   0.0524   0.1056
    29   0.0509   0.1048
    30   0.0500   0.1098
    31   0.0494   0.1078
    32   0.0484   0.1069
    33   0.0468   0.1049
    34   0.0433   0.1111
    35   0.0405   0.1180
    36   0.0375   0.1267
    37   0.0357   0.1345
    38   0.0336   0.1293
    39   0.0300   0.1201
    40   0.0273   0.1130
    41   0.0237   0.0941
    42   0.0229   0.0920
    43   0.0217   0.0901
    44   0.0198   0.0881
    45   0.0187   0.0903
    46   0.0181   0.0878
    47   0.0174   0.0827
    48   0.0170   0.0782
    49   0.0165   0.0771
    50   0.0159   0.0718
    51   0.0152   0.0650
    52   0.0151   0.0640
    53   0.0147   0.0590
    54   0.0146   0.0590
    55   0.0145   0.0568
    56   0.0143   0.0526
    57   0.0142   0.0496
    58   0.0139   0.0464
    59   0.0138   0.0452
    60   0.0138   0.0451
    61   0.0138   0.0439
    62   0.0137   0.0426
    63   0.0136   0.0404
    64   0.0133   0.0360
    65   0.0130   0.0332
    66   0.0127   0.0331
    67   0.0125   0.0355
    68   0.0124   0.0351
    69   0.0123   0.0360
    70   0.0122   0.0369
    71   0.0121   0.0376
    72   0.0120   0.0393
    73   0.0117   0.0455
    74   0.0117   0.0450
    75   0.0117   0.0445
    76   0.0117   0.0445
    77   0.0117   0.0449
    78   0.0116   0.0446
    79   0.0116   0.0447
    80   0.0115   0.0437
    81   0.0114   0.0431
    82   0.0112   0.0437
    83   0.0112   0.0428
    84   0.0111   0.0414
    85   0.0111   0.0416
    86   0.0110   0.0414
    87   0.0110   0.0406
    88   0.0109   0.0405
    89   0.0108   0.0405
    90   0.0108   0.0416
    91   0.0108   0.0437
    92   0.0108   0.0432
    93   0.0107   0.0433
    94   0.0107   0.0438
    95   0.0107   0.0439
    96   0.0107   0.0444
    97   0.0107   0.0450
    98   0.0106   0.0475
    99   0.0105   0.0485
   100   0.0104   0.0490
   101   0.0104   0.0512
   102   0.0104   0.0497
   103   0.0103   0.0485
   104   0.0103   0.0471
   105   0.0102   0.0460
   106   0.0102   0.0461
   107   0.0102   0.0456
   108   0.0102   0.0458
   109   0.0102   0.0458
   110   0.0102   0.0457
   111   0.0102   0.0457
   112   0.0101   0.0463
   113   0.0101   0.0448
   114   0.0101   0.0452
   115   0.0101   0.0449
   116   0.0101   0.0450
   117   0.0101   0.0449
   118   0.0101   0.0440
   119   0.0100   0.0437
   120   0.0100   0.0436
   121   0.0100   0.0434
   122   0.0100   0.0430
   123   0.0100   0.0426
   124   0.0100   0.0428
   125   0.0100   0.0425
   126   0.0099   0.0436
   127   0.0099   0.0451
   128   0.0099   0.0457
   129   0.0098   0.0455
   130   0.0098   0.0459
   131   0.0098   0.0464
   132   0.0098   0.0464
   133   0.0098   0.0483
   134   0.0098   0.0478
   135   0.0098   0.0477
   136   0.0098   0.0477
   137   0.0098   0.0479
   138   0.0098   0.0489
   139   0.0098   0.0490
   140   0.0098   0.0491
   141   0.0098   0.0491
   142   0.0098   0.0491
   143   0.0098   0.0494
   144   0.0098   0.0494
   145   0.0098   0.0495
   146   0.0097   0.0497
   147   0.0097   0.0496
   148   0.0097   0.0500
   149   0.0097   0.0501
   150   0.0097   0.0500
   151   0.0097   0.0497
   152   0.0097   0.0493
   153   0.0097   0.0489
   154   0.0097   0.0482
   155   0.0096   0.0467
   156   0.0096   0.0441
   157   0.0095   0.0426
   158   0.0095   0.0428
   159   0.0095   0.0433
   160   0.0094   0.0437
   161   0.0094   0.0453
   162   0.0094   0.0458
   163   0.0093   0.0459
   164   0.0093   0.0462
   165   0.0093   0.0461
   166   0.0093   0.0467
   167   0.0093   0.0468
   168   0.0093   0.0465
   169   0.0093   0.0448
   170   0.0092   0.0425
   171   0.0092   0.0399
   172   0.0092   0.0391
   173   0.0092   0.0378
   174   0.0091   0.0376
   175   0.0091   0.0375
   176   0.0091   0.0380
   177   0.0090   0.0377
   178   0.0090   0.0367
   179   0.0090   0.0366
   180   0.0090   0.0365
   181   0.0090   0.0364
   182   0.0090   0.0361
   183   0.0089   0.0366
   184   0.0089   0.0386
   185   0.0089   0.0376
   186   0.0089   0.0373
   187   0.0089   0.0376
   188   0.0089   0.0376
   189   0.0089   0.0373
   190   0.0089   0.0367
   191   0.0089   0.0364
   192   0.0089   0.0357
   193   0.0089   0.0349
   194   0.0089   0.0349
   195   0.0089   0.0346
   196   0.0089   0.0347
   197   0.0089   0.0350
   198   0.0089   0.0353
   199   0.0089   0.0352
   200   0.0089   0.0349
   201   0.0089   0.0341
   202   0.0088   0.0327
   203   0.0088   0.0318
   204   0.0088   0.0317
   205   0.0088   0.0322
   206   0.0088   0.0322
   207   0.0088   0.0324
   208   0.0088   0.0325
   209   0.0088   0.0327
   210   0.0088   0.0324
   211   0.0088   0.0311
   212   0.0088   0.0317
   213   0.0088   0.0319
   214   0.0088   0.0318
   215   0.0088   0.0318
   216   0.0088   0.0314
   217   0.0088   0.0312
   218   0.0088   0.0308
   219   0.0088   0.0303
   220   0.0088   0.0300
   221   0.0087   0.0300
   222   0.0087   0.0300
   223   0.0087   0.0309
   224   0.0087   0.0328
   225   0.0087   0.0330
   226   0.0087   0.0331
   227   0.0087   0.0329
   228   0.0087   0.0328
   229   0.0087   0.0326
   230   0.0087   0.0324
   231   0.0087   0.0321
   232   0.0087   0.0319
   233   0.0087   0.0319
   234   0.0087   0.0318
   235   0.0087   0.0319
   236   0.0087   0.0320
   237   0.0087   0.0324
   238   0.0087   0.0324
   239   0.0087   0.0324
   240   0.0087   0.0323
   241   0.0087   0.0321
   242   0.0087   0.0320
   243   0.0087   0.0319
   244   0.0087   0.0318
   245   0.0087   0.0318
   246   0.0087   0.0315
   247   0.0086   0.0313
   248   0.0086   0.0313
   249   0.0086   0.0313
   250   0.0086   0.0314
   251   0.0086   0.0317
   252   0.0086   0.0319
   253   0.0086   0.0318
   254   0.0086   0.0318
   255   0.0086   0.0317
   256   0.0086   0.0317
   257   0.0086   0.0316
   258   0.0086   0.0318
   259   0.0086   0.0318
   260   0.0086   0.0317
   261   0.0086   0.0317
   262   0.0086   0.0316
   263   0.0086   0.0318
   264   0.0086   0.0318
   265   0.0086   0.0318
   266   0.0086   0.0319
   267   0.0086   0.0320
   268   0.0086   0.0318
   269   0.0086   0.0318
   270   0.0086   0.0314
   271   0.0086   0.0310
   272   0.0086   0.0303
   273   0.0086   0.0300
   274   0.0086   0.0294
   275   0.0086   0.0284
   276   0.0086   0.0288
   277   0.0086   0.0290
   278   0.0086   0.0291
   279   0.0086   0.0295
   280   0.0086   0.0294
   281   0.0086   0.0290
   282   0.0086   0.0279
   283   0.0086   0.0267
   284   0.0086   0.0243
   285   0.0086   0.0241
   286   0.0086   0.0232
   287   0.0086   0.0222
   288   0.0086   0.0224
   289   0.0086   0.0230
   290   0.0086   0.0237
   291   0.0085   0.0239
   292   0.0085   0.0240
   293   0.0085   0.0245
   294   0.0085   0.0245
   295   0.0085   0.0245
   296   0.0085   0.0240
   297   0.0085   0.0236
   298   0.0085   0.0235
   299   0.0085   0.0237
   300   0.0085   0.0238
   301   0.0085   0.0241
   302   0.0085   0.0241
   303   0.0085   0.0243
   304   0.0085   0.0242
   305   0.0085   0.0243
   306   0.0085   0.0250
   307   0.0085   0.0249
   308   0.0085   0.0253
   309   0.0085   0.0255
   310   0.0085   0.0255
   311   0.0085   0.0255
   312   0.0085   0.0255
   313   0.0085   0.0257
   314   0.0085   0.0258
   315   0.0085   0.0261
   316   0.0085   0.0261
   317   0.0085   0.0263
   318   0.0085   0.0263
   319   0.0084   0.0264
   320   0.0084   0.0265
   321   0.0084   0.0266
   322   0.0084   0.0267
   323   0.0084   0.0270
   324   0.0084   0.0276
   325   0.0084   0.0282
   326   0.0084   0.0288
   327   0.0084   0.0296
   328   0.0084   0.0299
   329   0.0084   0.0303
   330   0.0084   0.0304
   331   0.0084   0.0299
   332   0.0084   0.0301
   333   0.0084   0.0305
   334   0.0084   0.0309
   335   0.0084   0.0311
   336   0.0084   0.0314
   337   0.0084   0.0309
   338   0.0084   0.0309
   339   0.0084   0.0307
   340   0.0084   0.0306
   341   0.0084   0.0302
   342   0.0084   0.0296
   343   0.0084   0.0295
   344   0.0084   0.0295
   345   0.0084   0.0296
   346   0.0084   0.0297
   347   0.0084   0.0297
   348   0.0084   0.0298
   349   0.0083   0.0294
   350   0.0083   0.0294
   351   0.0083   0.0296
   352   0.0083   0.0298
   353   0.0083   0.0302
   354   0.0083   0.0300
   355   0.0083   0.0301
   356   0.0083   0.0301
   357   0.0083   0.0302
   358   0.0083   0.0301
   359   0.0083   0.0301
   360   0.0083   0.0300
   361   0.0083   0.0299
   362   0.0083   0.0300
   363   0.0083   0.0304
   364   0.0083   0.0302
   365   0.0083   0.0290
   366   0.0083   0.0286
   367   0.0083   0.0287
   368   0.0083   0.0286
   369   0.0083   0.0286
   370   0.0083   0.0291
   371   0.0083   0.0291
   372   0.0083   0.0293
   373   0.0083   0.0299
   374   0.0083   0.0305
   375   0.0083   0.0305
   376   0.0083   0.0306
