#     it    Ltra    Lval
     1   0.3860   0.3997
     2   0.3438   0.3524
     3   0.2483   0.2756
     4   0.2197   0.2603
     5   0.1820   0.1624
     6   0.1689   0.1451
     7   0.1590   0.1279
     8   0.1533   0.1144
     9   0.1452   0.1186
    10   0.1404   0.1242
    11   0.1324   0.1106
    12   0.1280   0.1183
    13   0.1195   0.1031
    14   0.1111   0.0759
    15   0.1073   0.0805
    16   0.1034   0.0770
    17   0.1027   0.0649
    18   0.1023   0.0681
    19   0.1021   0.0701
    20   0.1020   0.0693
    21   0.1014   0.0710
    22   0.1010   0.0620
    23   0.1008   0.0667
    24   0.1008   0.0656
    25   0.1007   0.0651
    26   0.1003   0.0673
    27   0.1000   0.0614
    28   0.0998   0.0621
    29   0.0998   0.0646
    30   0.0997   0.0618
    31   0.0996   0.0612
    32   0.0995   0.0606
    33   0.0994   0.0597
    34   0.0994   0.0615
    35   0.0993   0.0610
    36   0.0992   0.0604
    37   0.0992   0.0602
    38   0.0991   0.0613
    39   0.0990   0.0612
    40   0.0988   0.0606
    41   0.0986   0.0600
    42   0.0984   0.0598
    43   0.0982   0.0560
    44   0.0980   0.0549
    45   0.0976   0.0548
    46   0.0974   0.0563
    47   0.0973   0.0566
    48   0.0971   0.0532
    49   0.0970   0.0520
    50   0.0970   0.0514
    51   0.0969   0.0511
    52   0.0969   0.0506
    53   0.0966   0.0502
    54   0.0966   0.0493
    55   0.0965   0.0495
    56   0.0964   0.0486
    57   0.0964   0.0487
    58   0.0964   0.0493
    59   0.0963   0.0482
    60   0.0963   0.0486
    61   0.0963   0.0489
    62   0.0963   0.0495
    63   0.0962   0.0490
    64   0.0962   0.0489
    65   0.0962   0.0488
    66   0.0962   0.0491
    67   0.0962   0.0487
    68   0.0961   0.0487
    69   0.0961   0.0496
    70   0.0961   0.0494
    71   0.0961   0.0481
    72   0.0961   0.0489
    73   0.0961   0.0491
    74   0.0961   0.0497
    75   0.0960   0.0500
    76   0.0960   0.0499
    77   0.0960   0.0503
    78   0.0959   0.0481
    79   0.0959   0.0484
    80   0.0959   0.0487
    81   0.0959   0.0481
    82   0.0958   0.0478
    83   0.0958   0.0476
    84   0.0957   0.0463
    85   0.0957   0.0472
    86   0.0957   0.0470
    87   0.0957   0.0473
    88   0.0957   0.0471
    89   0.0957   0.0475
    90   0.0957   0.0473
    91   0.0956   0.0471
    92   0.0956   0.0468
    93   0.0956   0.0467
    94   0.0955   0.0472
    95   0.0955   0.0461
    96   0.0955   0.0477
    97   0.0954   0.0466
    98   0.0954   0.0462
    99   0.0954   0.0463
   100   0.0954   0.0465
   101   0.0954   0.0464
   102   0.0953   0.0460
   103   0.0952   0.0453
   104   0.0952   0.0448
   105   0.0952   0.0461
   106   0.0951   0.0445
   107   0.0951   0.0443
   108   0.0950   0.0444
   109   0.0950   0.0440
   110   0.0950   0.0452
   111   0.0949   0.0449
   112   0.0948   0.0444
   113   0.0947   0.0445
   114   0.0945   0.0446
   115   0.0944   0.0461
   116   0.0944   0.0458
   117   0.0943   0.0467
   118   0.0942   0.0474
   119   0.0942   0.0472
   120   0.0942   0.0460
   121   0.0941   0.0465
   122   0.0941   0.0467
   123   0.0941   0.0461
   124   0.0940   0.0457
   125   0.0940   0.0452
   126   0.0940   0.0451
   127   0.0939   0.0452
   128   0.0939   0.0453
   129   0.0938   0.0467
   130   0.0937   0.0458
   131   0.0937   0.0452
   132   0.0937   0.0454
   133   0.0937   0.0456
   134   0.0937   0.0454
   135   0.0937   0.0450
   136   0.0936   0.0446
   137   0.0936   0.0440
   138   0.0936   0.0444
   139   0.0936   0.0446
   140   0.0936   0.0451
   141   0.0936   0.0454
   142   0.0935   0.0460
   143   0.0935   0.0451
   144   0.0935   0.0459
   145   0.0935   0.0455
   146   0.0934   0.0454
   147   0.0934   0.0451
   148   0.0934   0.0448
   149   0.0934   0.0441
   150   0.0933   0.0434
   151   0.0933   0.0440
   152   0.0933   0.0444
   153   0.0933   0.0447
   154   0.0933   0.0445
   155   0.0933   0.0448
   156   0.0932   0.0434
   157   0.0932   0.0433
   158   0.0932   0.0434
   159   0.0932   0.0434
   160   0.0932   0.0446
   161   0.0932   0.0437
   162   0.0932   0.0439
   163   0.0931   0.0442
   164   0.0931   0.0441
   165   0.0931   0.0446
   166   0.0931   0.0444
   167   0.0931   0.0445
   168   0.0931   0.0435
   169   0.0931   0.0436
   170   0.0931   0.0437
   171   0.0931   0.0436
   172   0.0931   0.0437
   173   0.0931   0.0438
   174   0.0931   0.0439
   175   0.0931   0.0440
   176   0.0930   0.0438
   177   0.0930   0.0443
   178   0.0930   0.0441
   179   0.0930   0.0441
   180   0.0930   0.0441
   181   0.0930   0.0445
   182   0.0930   0.0444
   183   0.0930   0.0444
   184   0.0930   0.0444
   185   0.0930   0.0444
   186   0.0930   0.0443
   187   0.0930   0.0442
   188   0.0930   0.0436
   189   0.0930   0.0439
   190   0.0930   0.0439
   191   0.0930   0.0439
   192   0.0930   0.0440
   193   0.0930   0.0439
   194   0.0930   0.0443
   195   0.0930   0.0443
   196   0.0930   0.0443
   197   0.0930   0.0443
   198   0.0930   0.0443
   199   0.0930   0.0442
   200   0.0930   0.0442
   201   0.0930   0.0441
   202   0.0930   0.0441
   203   0.0930   0.0442
   204   0.0930   0.0442
   205   0.0930   0.0446
   206   0.0930   0.0443
   207   0.0930   0.0442
   208   0.0930   0.0441
   209   0.0930   0.0441
   210   0.0930   0.0441
   211   0.0930   0.0442
   212   0.0930   0.0443
   213   0.0930   0.0442
   214   0.0930   0.0442
   215   0.0930   0.0442
   216   0.0930   0.0442
   217   0.0930   0.0443
   218   0.0930   0.0443
   219   0.0930   0.0443
   220   0.0930   0.0443
   221   0.0930   0.0444
   222   0.0930   0.0443
   223   0.0930   0.0443
   224   0.0930   0.0443
   225   0.0930   0.0441
   226   0.0930   0.0442
   227   0.0930   0.0442
   228   0.0930   0.0442
   229   0.0930   0.0441
   230   0.0930   0.0439
   231   0.0930   0.0437
   232   0.0930   0.0435
   233   0.0929   0.0438
   234   0.0929   0.0439
   235   0.0929   0.0440
   236   0.0929   0.0440
   237   0.0929   0.0440
   238   0.0929   0.0442
   239   0.0929   0.0441
   240   0.0929   0.0441
   241   0.0929   0.0443
   242   0.0929   0.0444
   243   0.0929   0.0443
   244   0.0929   0.0444
   245   0.0929   0.0442
   246   0.0929   0.0441
   247   0.0929   0.0441
   248   0.0929   0.0439
   249   0.0929   0.0440
   250   0.0929   0.0440
   251   0.0929   0.0441
   252   0.0929   0.0441
   253   0.0929   0.0440
   254   0.0929   0.0440
   255   0.0929   0.0440
   256   0.0929   0.0439
   257   0.0929   0.0439
   258   0.0929   0.0440
   259   0.0929   0.0440
   260   0.0929   0.0441
   261   0.0929   0.0441
   262   0.0929   0.0440
   263   0.0929   0.0440
   264   0.0929   0.0440
   265   0.0929   0.0440
   266   0.0929   0.0440
   267   0.0929   0.0439
   268   0.0929   0.0440
   269   0.0929   0.0440
   270   0.0929   0.0440
   271   0.0929   0.0440
   272   0.0929   0.0440
   273   0.0929   0.0440
   274   0.0929   0.0440
   275   0.0929   0.0441
   276   0.0929   0.0440
   277   0.0929   0.0440
   278   0.0929   0.0440
   279   0.0929   0.0440
   280   0.0929   0.0440
   281   0.0929   0.0440
   282   0.0929   0.0440
   283   0.0929   0.0441
   284   0.0929   0.0441
   285   0.0929   0.0441
   286   0.0929   0.0441
   287   0.0929   0.0442
   288   0.0929   0.0442
   289   0.0929   0.0442
   290   0.0929   0.0441
   291   0.0929   0.0441
   292   0.0929   0.0441
   293   0.0929   0.0441
   294   0.0929   0.0441
   295   0.0929   0.0441
   296   0.0929   0.0441
   297   0.0929   0.0442
   298   0.0929   0.0442
   299   0.0929   0.0443
   300   0.0929   0.0443
   301   0.0929   0.0443
   302   0.0929   0.0443
   303   0.0929   0.0443
   304   0.0929   0.0443
   305   0.0929   0.0443
   306   0.0929   0.0442
   307   0.0929   0.0443
   308   0.0929   0.0443
   309   0.0929   0.0443
   310   0.0929   0.0443
   311   0.0929   0.0443
   312   0.0929   0.0443
   313   0.0929   0.0443
   314   0.0929   0.0443
   315   0.0929   0.0443
   316   0.0929   0.0443
   317   0.0929   0.0443
   318   0.0929   0.0442
   319   0.0929   0.0443
   320   0.0929   0.0443
   321   0.0929   0.0443
   322   0.0929   0.0443
   323   0.0929   0.0443
   324   0.0929   0.0443
   325   0.0929   0.0443
   326   0.0929   0.0443
   327   0.0929   0.0443
   328   0.0929   0.0443
   329   0.0929   0.0443
   330   0.0929   0.0442
   331   0.0929   0.0443
   332   0.0929   0.0442
   333   0.0929   0.0442
   334   0.0929   0.0442
   335   0.0929   0.0442
   336   0.0929   0.0442
   337   0.0929   0.0443
   338   0.0929   0.0443
   339   0.0929   0.0443
   340   0.0929   0.0443
   341   0.0929   0.0443
   342   0.0929   0.0443
   343   0.0929   0.0443
   344   0.0929   0.0442
   345   0.0929   0.0442
   346   0.0929   0.0442
   347   0.0929   0.0442
   348   0.0929   0.0442
   349   0.0929   0.0442
