#     it    Ltra    Lval
     1   0.2225   0.2379
     2   0.2134   0.2298
     3   0.1950   0.1866
     4   0.1941   0.1782
     5   0.1941   0.1801
     6   0.1939   0.1822
     7   0.1936   0.1838
     8   0.1933   0.1832
     9   0.1924   0.1827
    10   0.1912   0.1820
    11   0.1905   0.1798
    12   0.1886   0.1708
    13   0.1860   0.1653
    14   0.1852   0.1694
    15   0.1847   0.1728
    16   0.1844   0.1731
    17   0.1819   0.1747
    18   0.1802   0.1757
    19   0.1772   0.1729
    20   0.1747   0.1699
    21   0.1739   0.1482
    22   0.1713   0.1537
    23   0.1710   0.1535
    24   0.1708   0.1536
    25   0.1695   0.1541
    26   0.1627   0.1547
    27   0.1623   0.1554
    28   0.1584   0.1491
    29   0.1534   0.1435
    30   0.1427   0.1159
    31   0.1358   0.1006
    32   0.1303   0.1018
    33   0.1259   0.1043
    34   0.1235   0.0960
    35   0.1221   0.0997
    36   0.1208   0.0964
    37   0.1186   0.0962
    38   0.1167   0.0967
    39   0.1138   0.0927
    40   0.1114   0.0875
    41   0.1106   0.0792
    42   0.1100   0.0796
    43   0.1095   0.0839
    44   0.1089   0.0807
    45   0.1083   0.0802
    46   0.1077   0.0764
    47   0.1072   0.0788
    48   0.1068   0.0841
    49   0.1063   0.0763
    50   0.1058   0.0779
    51   0.1054   0.0840
    52   0.1048   0.0772
    53   0.1043   0.0760
    54   0.1038   0.0775
    55   0.1029   0.0707
    56   0.1023   0.0750
    57   0.1018   0.0703
    58   0.1014   0.0711
    59   0.1012   0.0705
    60   0.1009   0.0669
    61   0.1009   0.0670
    62   0.1009   0.0666
    63   0.1008   0.0666
    64   0.1005   0.0657
    65   0.1003   0.0656
    66   0.0999   0.0669
    67   0.0995   0.0669
    68   0.0993   0.0684
    69   0.0990   0.0655
    70   0.0988   0.0623
    71   0.0984   0.0577
    72   0.0979   0.0576
    73   0.0977   0.0573
    74   0.0973   0.0600
    75   0.0971   0.0591
    76   0.0968   0.0560
    77   0.0967   0.0613
    78   0.0965   0.0550
    79   0.0964   0.0571
    80   0.0964   0.0572
    81   0.0963   0.0562
    82   0.0963   0.0553
    83   0.0963   0.0549
    84   0.0962   0.0541
    85   0.0962   0.0545
    86   0.0962   0.0544
    87   0.0962   0.0539
    88   0.0961   0.0535
    89   0.0961   0.0541
    90   0.0961   0.0539
    91   0.0961   0.0540
    92   0.0960   0.0552
    93   0.0960   0.0552
    94   0.0960   0.0549
    95   0.0959   0.0545
    96   0.0958   0.0559
    97   0.0957   0.0539
    98   0.0957   0.0518
    99   0.0957   0.0527
   100   0.0957   0.0533
   101   0.0957   0.0532
   102   0.0956   0.0527
   103   0.0956   0.0526
   104   0.0956   0.0523
   105   0.0956   0.0519
   106   0.0956   0.0518
   107   0.0955   0.0521
   108   0.0955   0.0519
   109   0.0955   0.0510
   110   0.0955   0.0510
   111   0.0955   0.0515
   112   0.0955   0.0522
   113   0.0954   0.0521
   114   0.0954   0.0522
   115   0.0954   0.0516
   116   0.0954   0.0516
   117   0.0954   0.0513
   118   0.0954   0.0513
   119   0.0954   0.0512
   120   0.0954   0.0509
   121   0.0954   0.0514
   122   0.0954   0.0511
   123   0.0953   0.0509
   124   0.0953   0.0511
   125   0.0953   0.0513
   126   0.0953   0.0513
   127   0.0953   0.0515
   128   0.0953   0.0508
   129   0.0953   0.0515
   130   0.0953   0.0508
   131   0.0952   0.0511
   132   0.0952   0.0504
   133   0.0952   0.0504
   134   0.0952   0.0507
   135   0.0952   0.0510
   136   0.0952   0.0512
   137   0.0952   0.0510
   138   0.0952   0.0507
   139   0.0952   0.0507
   140   0.0952   0.0507
   141   0.0952   0.0507
   142   0.0952   0.0509
   143   0.0952   0.0504
   144   0.0951   0.0501
   145   0.0951   0.0497
   146   0.0951   0.0497
   147   0.0951   0.0499
   148   0.0951   0.0499
   149   0.0951   0.0500
   150   0.0951   0.0500
   151   0.0951   0.0500
   152   0.0951   0.0501
   153   0.0951   0.0506
   154   0.0951   0.0506
   155   0.0951   0.0501
   156   0.0951   0.0507
   157   0.0951   0.0505
   158   0.0951   0.0505
   159   0.0950   0.0506
   160   0.0950   0.0504
   161   0.0950   0.0504
   162   0.0950   0.0512
   163   0.0950   0.0510
   164   0.0950   0.0507
   165   0.0950   0.0508
   166   0.0950   0.0511
   167   0.0950   0.0512
   168   0.0950   0.0518
   169   0.0949   0.0521
   170   0.0949   0.0512
   171   0.0949   0.0518
   172   0.0949   0.0519
   173   0.0949   0.0523
   174   0.0949   0.0517
   175   0.0949   0.0519
   176   0.0949   0.0517
   177   0.0949   0.0516
   178   0.0949   0.0516
   179   0.0949   0.0516
   180   0.0949   0.0515
   181   0.0948   0.0516
   182   0.0948   0.0521
   183   0.0948   0.0515
   184   0.0948   0.0514
   185   0.0948   0.0515
   186   0.0948   0.0512
   187   0.0948   0.0514
   188   0.0948   0.0512
   189   0.0948   0.0513
   190   0.0948   0.0516
   191   0.0948   0.0517
   192   0.0948   0.0517
   193   0.0948   0.0516
   194   0.0948   0.0517
   195   0.0948   0.0517
   196   0.0948   0.0519
   197   0.0948   0.0517
   198   0.0948   0.0516
   199   0.0948   0.0517
   200   0.0948   0.0512
   201   0.0948   0.0517
   202   0.0948   0.0517
   203   0.0948   0.0517
   204   0.0948   0.0515
   205   0.0948   0.0513
   206   0.0948   0.0512
   207   0.0948   0.0511
   208   0.0948   0.0511
   209   0.0947   0.0512
   210   0.0947   0.0513
   211   0.0947   0.0513
   212   0.0947   0.0511
   213   0.0947   0.0512
   214   0.0947   0.0512
   215   0.0947   0.0512
   216   0.0947   0.0512
   217   0.0947   0.0511
   218   0.0947   0.0510
   219   0.0947   0.0510
   220   0.0947   0.0511
   221   0.0947   0.0512
   222   0.0947   0.0512
   223   0.0947   0.0510
   224   0.0947   0.0512
   225   0.0947   0.0512
   226   0.0947   0.0511
   227   0.0947   0.0510
   228   0.0947   0.0512
   229   0.0947   0.0509
   230   0.0947   0.0509
   231   0.0947   0.0509
   232   0.0947   0.0509
   233   0.0947   0.0510
   234   0.0947   0.0506
   235   0.0947   0.0509
   236   0.0947   0.0510
   237   0.0947   0.0510
   238   0.0947   0.0510
   239   0.0947   0.0508
   240   0.0947   0.0508
   241   0.0947   0.0504
   242   0.0947   0.0506
   243   0.0947   0.0507
   244   0.0947   0.0508
   245   0.0947   0.0510
   246   0.0947   0.0510
   247   0.0947   0.0507
   248   0.0947   0.0506
   249   0.0947   0.0505
   250   0.0947   0.0506
   251   0.0947   0.0506
   252   0.0947   0.0505
   253   0.0947   0.0502
   254   0.0947   0.0504
   255   0.0947   0.0502
   256   0.0946   0.0504
   257   0.0946   0.0499
   258   0.0946   0.0499
   259   0.0946   0.0498
   260   0.0946   0.0499
   261   0.0946   0.0495
   262   0.0946   0.0500
   263   0.0946   0.0497
   264   0.0946   0.0495
   265   0.0946   0.0493
   266   0.0946   0.0491
   267   0.0946   0.0490
   268   0.0946   0.0485
   269   0.0946   0.0486
   270   0.0946   0.0486
   271   0.0946   0.0487
   272   0.0946   0.0486
   273   0.0946   0.0484
   274   0.0946   0.0482
   275   0.0945   0.0475
   276   0.0945   0.0470
   277   0.0945   0.0472
   278   0.0945   0.0483
   279   0.0945   0.0482
   280   0.0945   0.0481
   281   0.0945   0.0482
   282   0.0945   0.0483
   283   0.0945   0.0483
   284   0.0945   0.0481
   285   0.0945   0.0478
   286   0.0944   0.0476
   287   0.0944   0.0472
   288   0.0944   0.0468
   289   0.0944   0.0471
   290   0.0944   0.0473
   291   0.0944   0.0470
   292   0.0944   0.0466
   293   0.0944   0.0465
   294   0.0944   0.0464
   295   0.0944   0.0463
   296   0.0944   0.0462
   297   0.0944   0.0460
   298   0.0944   0.0459
   299   0.0944   0.0460
   300   0.0944   0.0461
   301   0.0944   0.0464
   302   0.0943   0.0459
   303   0.0943   0.0461
   304   0.0943   0.0458
   305   0.0943   0.0455
   306   0.0943   0.0456
   307   0.0943   0.0454
   308   0.0943   0.0461
   309   0.0943   0.0460
   310   0.0943   0.0459
   311   0.0943   0.0460
   312   0.0943   0.0463
   313   0.0943   0.0464
   314   0.0943   0.0466
   315   0.0943   0.0462
   316   0.0943   0.0460
   317   0.0943   0.0458
   318   0.0943   0.0458
   319   0.0943   0.0458
   320   0.0943   0.0459
   321   0.0943   0.0458
   322   0.0943   0.0457
   323   0.0943   0.0458
   324   0.0943   0.0455
   325   0.0943   0.0457
   326   0.0943   0.0458
   327   0.0943   0.0465
   328   0.0943   0.0462
   329   0.0943   0.0458
   330   0.0943   0.0457
   331   0.0943   0.0455
   332   0.0943   0.0455
   333   0.0942   0.0453
   334   0.0942   0.0455
   335   0.0942   0.0454
   336   0.0942   0.0454
   337   0.0942   0.0455
   338   0.0942   0.0454
   339   0.0942   0.0455
   340   0.0942   0.0456
   341   0.0942   0.0457
   342   0.0942   0.0458
   343   0.0942   0.0459
   344   0.0942   0.0456
   345   0.0942   0.0458
   346   0.0942   0.0458
   347   0.0942   0.0457
   348   0.0942   0.0456
   349   0.0942   0.0456
   350   0.0942   0.0455
   351   0.0942   0.0458
   352   0.0942   0.0459
   353   0.0942   0.0460
   354   0.0942   0.0460
   355   0.0942   0.0464
   356   0.0942   0.0458
   357   0.0942   0.0458
   358   0.0942   0.0458
   359   0.0942   0.0458
   360   0.0942   0.0459
   361   0.0942   0.0461
   362   0.0942   0.0462
   363   0.0942   0.0461
   364   0.0942   0.0461
   365   0.0942   0.0459
   366   0.0942   0.0460
   367   0.0942   0.0457
   368   0.0942   0.0459
   369   0.0942   0.0460
   370   0.0942   0.0460
   371   0.0942   0.0460
   372   0.0942   0.0461
   373   0.0942   0.0460
   374   0.0942   0.0461
   375   0.0942   0.0460
   376   0.0942   0.0459
   377   0.0941   0.0458
   378   0.0941   0.0454
   379   0.0941   0.0455
   380   0.0941   0.0455
   381   0.0941   0.0455
   382   0.0941   0.0454
   383   0.0941   0.0454
   384   0.0941   0.0453
   385   0.0941   0.0452
   386   0.0941   0.0452
   387   0.0941   0.0452
   388   0.0941   0.0453
   389   0.0941   0.0451
   390   0.0941   0.0452
   391   0.0941   0.0452
   392   0.0941   0.0453
   393   0.0941   0.0452
   394   0.0941   0.0453
   395   0.0941   0.0452
   396   0.0941   0.0453
   397   0.0941   0.0452
   398   0.0941   0.0453
   399   0.0941   0.0454
   400   0.0941   0.0457
   401   0.0941   0.0456
   402   0.0941   0.0455
   403   0.0941   0.0454
   404   0.0941   0.0454
   405   0.0941   0.0453
   406   0.0941   0.0454
   407   0.0941   0.0454
   408   0.0941   0.0455
   409   0.0941   0.0454
   410   0.0941   0.0456
   411   0.0941   0.0451
   412   0.0941   0.0453
   413   0.0941   0.0454
   414   0.0941   0.0454
   415   0.0941   0.0454
   416   0.0941   0.0453
   417   0.0941   0.0453
   418   0.0941   0.0449
   419   0.0941   0.0452
   420   0.0941   0.0452
   421   0.0941   0.0454
   422   0.0941   0.0453
   423   0.0941   0.0452
   424   0.0941   0.0452
   425   0.0941   0.0451
   426   0.0941   0.0452
   427   0.0941   0.0451
   428   0.0941   0.0453
   429   0.0941   0.0457
   430   0.0941   0.0459
   431   0.0941   0.0460
   432   0.0941   0.0457
   433   0.0941   0.0457
   434   0.0941   0.0456
   435   0.0941   0.0454
   436   0.0941   0.0454
   437   0.0940   0.0449
   438   0.0940   0.0452
   439   0.0940   0.0453
   440   0.0940   0.0452
   441   0.0940   0.0453
   442   0.0940   0.0456
   443   0.0940   0.0454
   444   0.0940   0.0459
   445   0.0940   0.0450
   446   0.0940   0.0456
   447   0.0940   0.0457
   448   0.0940   0.0457
   449   0.0940   0.0457
   450   0.0940   0.0451
   451   0.0940   0.0468
   452   0.0940   0.0456
   453   0.0939   0.0455
   454   0.0939   0.0453
   455   0.0939   0.0457
   456   0.0939   0.0452
   457   0.0939   0.0453
   458   0.0939   0.0455
   459   0.0939   0.0457
   460   0.0939   0.0462
   461   0.0939   0.0463
   462   0.0939   0.0457
   463   0.0939   0.0460
   464   0.0939   0.0461
   465   0.0939   0.0467
   466   0.0939   0.0465
   467   0.0939   0.0465
   468   0.0938   0.0463
   469   0.0938   0.0462
   470   0.0938   0.0461
   471   0.0938   0.0462
   472   0.0938   0.0461
   473   0.0938   0.0467
   474   0.0938   0.0464
   475   0.0938   0.0463
   476   0.0938   0.0463
   477   0.0938   0.0466
   478   0.0938   0.0462
   479   0.0938   0.0466
   480   0.0938   0.0467
   481   0.0938   0.0466
   482   0.0937   0.0466
   483   0.0937   0.0461
   484   0.0937   0.0464
   485   0.0937   0.0465
   486   0.0937   0.0461
   487   0.0937   0.0462
   488   0.0937   0.0464
   489   0.0937   0.0465
   490   0.0937   0.0462
   491   0.0937   0.0465
   492   0.0937   0.0467
   493   0.0937   0.0469
   494   0.0937   0.0471
   495   0.0937   0.0470
   496   0.0937   0.0467
   497   0.0937   0.0464
   498   0.0937   0.0466
   499   0.0937   0.0464
   500   0.0937   0.0469
   501   0.0937   0.0469
   502   0.0937   0.0468
   503   0.0937   0.0468
   504   0.0936   0.0468
   505   0.0936   0.0469
   506   0.0936   0.0470
   507   0.0936   0.0471
   508   0.0936   0.0472
   509   0.0936   0.0470
   510   0.0936   0.0468
   511   0.0936   0.0467
   512   0.0936   0.0465
   513   0.0936   0.0469
   514   0.0936   0.0468
   515   0.0936   0.0471
   516   0.0936   0.0469
   517   0.0936   0.0469
   518   0.0936   0.0469
   519   0.0936   0.0469
   520   0.0936   0.0469
   521   0.0936   0.0470
   522   0.0936   0.0470
   523   0.0936   0.0470
   524   0.0936   0.0470
   525   0.0936   0.0471
   526   0.0936   0.0472
   527   0.0936   0.0471
   528   0.0936   0.0471
   529   0.0936   0.0471
   530   0.0936   0.0471
   531   0.0936   0.0471
   532   0.0936   0.0470
   533   0.0936   0.0471
   534   0.0936   0.0470
   535   0.0936   0.0469
   536   0.0936   0.0469
   537   0.0936   0.0469
   538   0.0936   0.0468
   539   0.0936   0.0470
   540   0.0936   0.0470
   541   0.0936   0.0470
   542   0.0936   0.0471
   543   0.0936   0.0471
   544   0.0936   0.0473
   545   0.0936   0.0471
   546   0.0936   0.0471
   547   0.0936   0.0470
   548   0.0936   0.0470
   549   0.0936   0.0470
   550   0.0936   0.0471
   551   0.0936   0.0471
   552   0.0936   0.0471
   553   0.0936   0.0471
   554   0.0936   0.0471
   555   0.0936   0.0470
   556   0.0936   0.0471
   557   0.0936   0.0470
   558   0.0936   0.0470
   559   0.0936   0.0470
   560   0.0936   0.0472
   561   0.0936   0.0471
   562   0.0936   0.0471
   563   0.0936   0.0471
   564   0.0936   0.0471
   565   0.0936   0.0471
   566   0.0936   0.0471
   567   0.0936   0.0471
   568   0.0936   0.0471
   569   0.0936   0.0470
   570   0.0936   0.0471
   571   0.0936   0.0471
   572   0.0936   0.0471
   573   0.0936   0.0471
   574   0.0936   0.0471
   575   0.0936   0.0470
   576   0.0936   0.0470
   577   0.0936   0.0470
   578   0.0936   0.0470
   579   0.0936   0.0471
   580   0.0936   0.0471
   581   0.0936   0.0471
   582   0.0936   0.0471
   583   0.0936   0.0471
   584   0.0936   0.0471
   585   0.0936   0.0471
   586   0.0936   0.0470
