#     it    Ltra    Lval
     1   0.3586   0.4017
     2   0.3572   0.3965
     3   0.3408   0.3791
     4   0.3383   0.3571
     5   0.3361   0.3904
     6   0.3286   0.3710
     7   0.3228   0.3639
     8   0.3167   0.3713
     9   0.3163   0.3732
    10   0.3142   0.3760
    11   0.3103   0.4030
    12   0.3083   0.3901
    13   0.3077   0.3945
    14   0.3062   0.3992
    15   0.3030   0.3958
    16   0.3014   0.3875
    17   0.3006   0.3851
    18   0.3001   0.3817
    19   0.2989   0.3814
    20   0.2961   0.3798
    21   0.2943   0.3860
    22   0.2902   0.3906
    23   0.2883   0.3910
    24   0.2856   0.3853
    25   0.2842   0.3803
    26   0.2800   0.3760
    27   0.2772   0.3781
    28   0.2756   0.3792
    29   0.2746   0.3816
    30   0.2736   0.3793
    31   0.2716   0.3712
    32   0.2696   0.3684
    33   0.2674   0.3648
    34   0.2643   0.3662
    35   0.2637   0.3694
    36   0.2610   0.3653
    37   0.2592   0.3640
    38   0.2560   0.3596
    39   0.2530   0.3546
    40   0.2499   0.3443
    41   0.2487   0.3399
    42   0.2413   0.3361
    43   0.2366   0.3321
    44   0.2324   0.3145
    45   0.2271   0.3149
    46   0.2212   0.3119
    47   0.2170   0.3049
    48   0.2149   0.2998
    49   0.2124   0.2879
    50   0.2116   0.2894
    51   0.2091   0.2868
    52   0.2079   0.2857
    53   0.2066   0.2838
    54   0.2044   0.2786
    55   0.2031   0.2772
    56   0.2004   0.2736
    57   0.1971   0.2681
    58   0.1947   0.2642
    59   0.1923   0.2573
    60   0.1886   0.2545
    61   0.1864   0.2504
    62   0.1841   0.2474
    63   0.1822   0.2439
    64   0.1814   0.2401
    65   0.1796   0.2386
    66   0.1790   0.2385
    67   0.1780   0.2362
    68   0.1773   0.2335
    69   0.1752   0.2320
    70   0.1742   0.2311
    71   0.1727   0.2302
    72   0.1706   0.2299
    73   0.1683   0.2274
    74   0.1657   0.2224
    75   0.1642   0.2197
    76   0.1617   0.2166
    77   0.1605   0.2156
    78   0.1589   0.2132
    79   0.1574   0.2104
    80   0.1556   0.2086
    81   0.1513   0.2029
    82   0.1496   0.2023
    83   0.1468   0.1998
    84   0.1423   0.1902
    85   0.1388   0.1829
    86   0.1342   0.1742
    87   0.1295   0.1661
    88   0.1270   0.1608
    89   0.1249   0.1569
    90   0.1230   0.1563
    91   0.1217   0.1567
    92   0.1209   0.1557
    93   0.1196   0.1534
    94   0.1178   0.1507
    95   0.1155   0.1496
    96   0.1132   0.1469
    97   0.1118   0.1467
    98   0.1103   0.1457
    99   0.1081   0.1439
   100   0.1069   0.1416
   101   0.1056   0.1395
   102   0.1048   0.1388
   103   0.1034   0.1366
   104   0.1022   0.1342
   105   0.1009   0.1315
   106   0.0997   0.1291
   107   0.0989   0.1258
   108   0.0979   0.1247
   109   0.0969   0.1238
   110   0.0963   0.1281
   111   0.0948   0.1244
   112   0.0942   0.1231
   113   0.0927   0.1211
   114   0.0914   0.1171
   115   0.0899   0.1169
   116   0.0890   0.1157
   117   0.0881   0.1153
   118   0.0874   0.1122
   119   0.0869   0.1120
   120   0.0865   0.1108
   121   0.0859   0.1091
   122   0.0853   0.1082
   123   0.0843   0.1058
   124   0.0836   0.1071
   125   0.0831   0.1063
   126   0.0828   0.1071
   127   0.0826   0.1078
   128   0.0824   0.1080
   129   0.0820   0.1073
   130   0.0819   0.1077
   131   0.0817   0.1073
   132   0.0815   0.1072
   133   0.0813   0.1068
   134   0.0812   0.1067
   135   0.0808   0.1055
   136   0.0808   0.1060
   137   0.0806   0.1053
   138   0.0805   0.1049
   139   0.0803   0.1045
   140   0.0802   0.1046
   141   0.0799   0.1046
   142   0.0799   0.1053
   143   0.0798   0.1053
   144   0.0797   0.1057
   145   0.0796   0.1056
   146   0.0795   0.1051
   147   0.0794   0.1053
   148   0.0793   0.1044
   149   0.0792   0.1036
   150   0.0791   0.1026
   151   0.0790   0.1025
   152   0.0790   0.1024
   153   0.0789   0.1022
   154   0.0789   0.1025
   155   0.0788   0.1023
   156   0.0787   0.1021
   157   0.0786   0.1022
   158   0.0785   0.1025
   159   0.0785   0.1030
   160   0.0784   0.1033
   161   0.0783   0.1034
   162   0.0783   0.1041
   163   0.0782   0.1037
   164   0.0782   0.1034
   165   0.0782   0.1033
   166   0.0782   0.1031
   167   0.0782   0.1030
   168   0.0781   0.1031
   169   0.0781   0.1031
   170   0.0781   0.1031
   171   0.0781   0.1030
   172   0.0780   0.1029
   173   0.0780   0.1028
   174   0.0780   0.1025
   175   0.0780   0.1024
   176   0.0779   0.1023
   177   0.0779   0.1023
   178   0.0779   0.1020
   179   0.0778   0.1022
   180   0.0778   0.1023
   181   0.0778   0.1024
   182   0.0778   0.1025
   183   0.0778   0.1026
   184   0.0777   0.1026
   185   0.0777   0.1025
   186   0.0776   0.1024
   187   0.0776   0.1023
   188   0.0776   0.1021
   189   0.0776   0.1018
   190   0.0775   0.1019
   191   0.0775   0.1018
   192   0.0775   0.1014
   193   0.0775   0.1013
   194   0.0775   0.1013
   195   0.0775   0.1013
   196   0.0775   0.1013
   197   0.0775   0.1013
   198   0.0774   0.1013
   199   0.0774   0.1013
   200   0.0774   0.1013
   201   0.0774   0.1013
   202   0.0774   0.1012
   203   0.0774   0.1013
   204   0.0774   0.1015
   205   0.0773   0.1016
   206   0.0773   0.1018
   207   0.0773   0.1017
   208   0.0773   0.1017
   209   0.0773   0.1016
   210   0.0773   0.1017
   211   0.0773   0.1017
   212   0.0773   0.1018
   213   0.0773   0.1019
   214   0.0773   0.1020
   215   0.0772   0.1018
   216   0.0772   0.1019
   217   0.0772   0.1019
   218   0.0772   0.1020
   219   0.0772   0.1019
   220   0.0772   0.1020
   221   0.0772   0.1020
   222   0.0772   0.1021
   223   0.0771   0.1021
   224   0.0771   0.1022
   225   0.0771   0.1022
   226   0.0771   0.1023
   227   0.0771   0.1023
   228   0.0771   0.1027
   229   0.0771   0.1026
   230   0.0771   0.1026
   231   0.0771   0.1026
   232   0.0771   0.1027
   233   0.0771   0.1029
   234   0.0771   0.1030
   235   0.0771   0.1031
   236   0.0770   0.1033
   237   0.0770   0.1031
   238   0.0770   0.1029
   239   0.0770   0.1027
   240   0.0770   0.1027
   241   0.0770   0.1027
   242   0.0770   0.1029
   243   0.0770   0.1029
   244   0.0769   0.1030
   245   0.0769   0.1031
   246   0.0769   0.1031
   247   0.0769   0.1031
   248   0.0769   0.1033
   249   0.0769   0.1030
   250   0.0768   0.1029
   251   0.0768   0.1029
   252   0.0768   0.1028
   253   0.0768   0.1027
   254   0.0768   0.1025
   255   0.0768   0.1025
   256   0.0768   0.1025
   257   0.0768   0.1022
   258   0.0768   0.1020
   259   0.0768   0.1016
   260   0.0767   0.1012
   261   0.0767   0.1007
   262   0.0767   0.1007
   263   0.0767   0.1007
   264   0.0767   0.1004
   265   0.0767   0.0997
   266   0.0767   0.0995
   267   0.0767   0.0989
   268   0.0767   0.0989
   269   0.0767   0.0989
   270   0.0767   0.0988
   271   0.0766   0.0987
   272   0.0766   0.0984
   273   0.0766   0.0982
   274   0.0766   0.0983
   275   0.0766   0.0983
   276   0.0766   0.0981
   277   0.0766   0.0980
   278   0.0766   0.0979
   279   0.0766   0.0977
   280   0.0766   0.0977
   281   0.0766   0.0978
   282   0.0766   0.0978
   283   0.0766   0.0979
   284   0.0766   0.0978
   285   0.0766   0.0979
   286   0.0766   0.0978
   287   0.0766   0.0977
   288   0.0766   0.0980
   289   0.0765   0.0978
   290   0.0765   0.0978
   291   0.0765   0.0979
   292   0.0765   0.0980
   293   0.0765   0.0981
   294   0.0765   0.0982
   295   0.0765   0.0982
   296   0.0765   0.0982
   297   0.0765   0.0983
   298   0.0765   0.0985
   299   0.0765   0.0986
   300   0.0765   0.0986
   301   0.0765   0.0986
   302   0.0765   0.0986
   303   0.0765   0.0986
   304   0.0765   0.0985
   305   0.0765   0.0985
   306   0.0765   0.0986
   307   0.0765   0.0984
   308   0.0765   0.0984
   309   0.0765   0.0984
   310   0.0765   0.0984
   311   0.0765   0.0984
   312   0.0765   0.0983
   313   0.0764   0.0983
   314   0.0764   0.0983
   315   0.0764   0.0983
   316   0.0764   0.0983
   317   0.0764   0.0982
   318   0.0764   0.0981
   319   0.0764   0.0980
   320   0.0764   0.0980
   321   0.0764   0.0980
   322   0.0764   0.0979
   323   0.0764   0.0977
   324   0.0764   0.0975
   325   0.0764   0.0974
   326   0.0764   0.0974
   327   0.0764   0.0975
   328   0.0764   0.0975
   329   0.0764   0.0975
   330   0.0764   0.0974
   331   0.0764   0.0974
   332   0.0764   0.0974
   333   0.0764   0.0973
   334   0.0764   0.0973
   335   0.0764   0.0972
   336   0.0764   0.0973
   337   0.0763   0.0973
   338   0.0763   0.0973
   339   0.0763   0.0973
   340   0.0763   0.0972
   341   0.0763   0.0972
   342   0.0763   0.0971
   343   0.0763   0.0971
   344   0.0763   0.0971
   345   0.0763   0.0970
   346   0.0763   0.0970
   347   0.0763   0.0969
   348   0.0763   0.0968
   349   0.0763   0.0967
   350   0.0763   0.0967
   351   0.0763   0.0966
   352   0.0763   0.0966
   353   0.0763   0.0963
   354   0.0763   0.0963
   355   0.0763   0.0961
   356   0.0763   0.0962
   357   0.0763   0.0961
   358   0.0763   0.0961
   359   0.0763   0.0960
   360   0.0763   0.0958
   361   0.0763   0.0956
   362   0.0763   0.0955
   363   0.0763   0.0955
   364   0.0763   0.0954
   365   0.0763   0.0954
   366   0.0763   0.0953
   367   0.0763   0.0952
   368   0.0763   0.0951
   369   0.0763   0.0951
   370   0.0763   0.0951
   371   0.0763   0.0951
   372   0.0763   0.0951
   373   0.0763   0.0951
   374   0.0763   0.0952
   375   0.0763   0.0953
   376   0.0763   0.0953
   377   0.0763   0.0953
   378   0.0763   0.0952
   379   0.0763   0.0953
   380   0.0763   0.0952
   381   0.0763   0.0952
   382   0.0763   0.0952
   383   0.0763   0.0952
   384   0.0763   0.0952
   385   0.0763   0.0952
   386   0.0763   0.0952
   387   0.0763   0.0952
   388   0.0763   0.0952
   389   0.0763   0.0952
   390   0.0763   0.0951
   391   0.0762   0.0951
   392   0.0762   0.0950
   393   0.0762   0.0951
   394   0.0762   0.0951
   395   0.0762   0.0951
   396   0.0762   0.0950
   397   0.0762   0.0950
   398   0.0762   0.0949
   399   0.0762   0.0948
   400   0.0762   0.0947
   401   0.0762   0.0946
   402   0.0762   0.0946
   403   0.0762   0.0945
   404   0.0762   0.0945
   405   0.0762   0.0944
   406   0.0762   0.0945
   407   0.0762   0.0944
   408   0.0762   0.0944
   409   0.0762   0.0944
   410   0.0762   0.0943
   411   0.0762   0.0943
   412   0.0762   0.0943
   413   0.0762   0.0943
   414   0.0762   0.0943
   415   0.0762   0.0943
   416   0.0762   0.0943
   417   0.0762   0.0943
   418   0.0762   0.0942
   419   0.0762   0.0942
   420   0.0762   0.0942
   421   0.0762   0.0942
   422   0.0762   0.0942
   423   0.0762   0.0943
   424   0.0762   0.0944
   425   0.0762   0.0944
   426   0.0762   0.0944
   427   0.0762   0.0945
   428   0.0762   0.0945
   429   0.0762   0.0946
   430   0.0762   0.0946
   431   0.0762   0.0946
   432   0.0762   0.0946
   433   0.0762   0.0947
   434   0.0762   0.0947
   435   0.0762   0.0947
   436   0.0762   0.0947
   437   0.0762   0.0947
   438   0.0762   0.0947
   439   0.0762   0.0947
   440   0.0762   0.0947
   441   0.0762   0.0948
   442   0.0762   0.0949
   443   0.0762   0.0949
   444   0.0762   0.0948
   445   0.0762   0.0948
   446   0.0762   0.0949
   447   0.0762   0.0949
   448   0.0762   0.0949
   449   0.0762   0.0949
   450   0.0762   0.0948
   451   0.0762   0.0948
   452   0.0762   0.0948
   453   0.0762   0.0948
   454   0.0762   0.0948
   455   0.0762   0.0948
   456   0.0762   0.0948
   457   0.0762   0.0947
   458   0.0762   0.0948
   459   0.0762   0.0947
   460   0.0762   0.0947
   461   0.0762   0.0947
   462   0.0762   0.0947
   463   0.0762   0.0948
   464   0.0762   0.0948
   465   0.0762   0.0948
   466   0.0762   0.0948
   467   0.0762   0.0948
   468   0.0762   0.0948
   469   0.0762   0.0948
   470   0.0762   0.0948
   471   0.0762   0.0948
   472   0.0762   0.0949
   473   0.0762   0.0949
   474   0.0762   0.0949
   475   0.0762   0.0949
   476   0.0762   0.0950
   477   0.0762   0.0950
   478   0.0762   0.0950
   479   0.0762   0.0950
   480   0.0762   0.0950
   481   0.0762   0.0951
   482   0.0762   0.0951
   483   0.0762   0.0951
   484   0.0762   0.0951
