#     it    Ltra    Lval
     1   0.2920   0.3117
     2   0.2366   0.2539
     3   0.2363   0.2671
     4   0.1993   0.1897
     5   0.1969   0.1827
     6   0.1957   0.1841
     7   0.1948   0.1822
     8   0.1947   0.1806
     9   0.1946   0.1788
    10   0.1943   0.1754
    11   0.1939   0.1663
    12   0.1930   0.1680
    13   0.1854   0.1649
    14   0.1834   0.1719
    15   0.1800   0.1706
    16   0.1763   0.1657
    17   0.1728   0.1709
    18   0.1721   0.1528
    19   0.1653   0.1448
    20   0.1603   0.1556
    21   0.1548   0.1498
    22   0.1503   0.1412
    23   0.1442   0.1461
    24   0.1413   0.1120
    25   0.1369   0.1238
    26   0.1338   0.1193
    27   0.1304   0.1182
    28   0.1256   0.1192
    29   0.1208   0.1161
    30   0.1178   0.1126
    31   0.1140   0.0905
    32   0.1123   0.1029
    33   0.1097   0.0932
    34   0.1078   0.0856
    35   0.1058   0.0778
    36   0.1045   0.0750
    37   0.1037   0.0685
    38   0.1032   0.0664
    39   0.1028   0.0629
    40   0.1024   0.0627
    41   0.1018   0.0607
    42   0.1010   0.0606
    43   0.1002   0.0623
    44   0.0997   0.0542
    45   0.0991   0.0605
    46   0.0989   0.0591
    47   0.0987   0.0594
    48   0.0987   0.0620
    49   0.0985   0.0590
    50   0.0984   0.0576
    51   0.0981   0.0527
    52   0.0979   0.0537
    53   0.0979   0.0538
    54   0.0978   0.0537
    55   0.0977   0.0529
    56   0.0976   0.0522
    57   0.0975   0.0536
    58   0.0974   0.0535
    59   0.0973   0.0524
    60   0.0973   0.0531
    61   0.0973   0.0530
    62   0.0972   0.0533
    63   0.0971   0.0520
    64   0.0969   0.0508
    65   0.0969   0.0514
    66   0.0968   0.0522
    67   0.0967   0.0525
    68   0.0966   0.0507
    69   0.0964   0.0485
    70   0.0963   0.0484
    71   0.0962   0.0485
    72   0.0960   0.0487
    73   0.0960   0.0469
    74   0.0959   0.0467
    75   0.0956   0.0461
    76   0.0954   0.0455
    77   0.0953   0.0459
    78   0.0952   0.0447
    79   0.0951   0.0455
    80   0.0950   0.0458
    81   0.0950   0.0399
    82   0.0949   0.0431
    83   0.0948   0.0435
    84   0.0948   0.0440
    85   0.0948   0.0433
    86   0.0947   0.0421
    87   0.0947   0.0411
    88   0.0947   0.0416
    89   0.0947   0.0427
    90   0.0946   0.0429
    91   0.0946   0.0430
    92   0.0946   0.0433
    93   0.0946   0.0436
    94   0.0946   0.0439
    95   0.0946   0.0433
    96   0.0946   0.0436
    97   0.0945   0.0438
    98   0.0945   0.0436
    99   0.0945   0.0431
   100   0.0945   0.0426
   101   0.0945   0.0424
   102   0.0945   0.0430
   103   0.0945   0.0426
   104   0.0944   0.0424
   105   0.0944   0.0419
   106   0.0944   0.0418
   107   0.0944   0.0417
   108   0.0944   0.0416
   109   0.0944   0.0416
   110   0.0944   0.0409
   111   0.0944   0.0418
   112   0.0944   0.0424
   113   0.0944   0.0420
   114   0.0944   0.0420
   115   0.0944   0.0420
   116   0.0944   0.0418
   117   0.0944   0.0419
   118   0.0944   0.0419
   119   0.0944   0.0420
   120   0.0943   0.0423
   121   0.0943   0.0422
   122   0.0943   0.0426
   123   0.0943   0.0426
   124   0.0943   0.0427
   125   0.0943   0.0429
   126   0.0943   0.0427
   127   0.0943   0.0425
   128   0.0943   0.0419
   129   0.0943   0.0422
   130   0.0943   0.0420
   131   0.0943   0.0421
   132   0.0943   0.0419
   133   0.0943   0.0422
   134   0.0943   0.0418
   135   0.0943   0.0417
   136   0.0943   0.0416
   137   0.0943   0.0419
   138   0.0943   0.0420
   139   0.0943   0.0422
   140   0.0942   0.0420
   141   0.0942   0.0422
   142   0.0942   0.0417
   143   0.0942   0.0417
   144   0.0942   0.0417
   145   0.0942   0.0414
   146   0.0942   0.0416
   147   0.0942   0.0418
   148   0.0942   0.0420
   149   0.0942   0.0420
   150   0.0942   0.0421
   151   0.0942   0.0414
   152   0.0942   0.0415
   153   0.0942   0.0416
   154   0.0942   0.0415
   155   0.0942   0.0414
   156   0.0942   0.0415
   157   0.0942   0.0414
   158   0.0942   0.0417
   159   0.0942   0.0415
   160   0.0942   0.0415
   161   0.0942   0.0414
   162   0.0942   0.0415
   163   0.0942   0.0414
   164   0.0942   0.0414
   165   0.0942   0.0413
   166   0.0942   0.0415
   167   0.0942   0.0413
   168   0.0942   0.0415
   169   0.0942   0.0418
   170   0.0942   0.0419
   171   0.0942   0.0421
   172   0.0942   0.0420
   173   0.0941   0.0419
   174   0.0941   0.0418
   175   0.0941   0.0417
   176   0.0941   0.0418
   177   0.0941   0.0416
   178   0.0941   0.0420
   179   0.0941   0.0421
   180   0.0941   0.0423
   181   0.0941   0.0424
   182   0.0941   0.0421
   183   0.0941   0.0422
   184   0.0940   0.0410
   185   0.0940   0.0422
   186   0.0940   0.0422
   187   0.0939   0.0408
   188   0.0938   0.0400
   189   0.0938   0.0375
   190   0.0937   0.0414
   191   0.0936   0.0407
   192   0.0935   0.0409
   193   0.0935   0.0417
   194   0.0935   0.0424
   195   0.0934   0.0454
   196   0.0933   0.0434
   197   0.0933   0.0430
   198   0.0932   0.0433
   199   0.0932   0.0433
   200   0.0932   0.0434
   201   0.0931   0.0423
   202   0.0931   0.0431
   203   0.0931   0.0430
   204   0.0931   0.0432
   205   0.0931   0.0431
   206   0.0930   0.0432
   207   0.0930   0.0441
   208   0.0930   0.0431
   209   0.0930   0.0431
   210   0.0930   0.0432
   211   0.0930   0.0437
   212   0.0930   0.0435
   213   0.0929   0.0435
   214   0.0929   0.0420
   215   0.0929   0.0423
   216   0.0929   0.0429
   217   0.0929   0.0427
   218   0.0929   0.0422
   219   0.0929   0.0420
   220   0.0929   0.0410
   221   0.0929   0.0416
   222   0.0929   0.0423
   223   0.0929   0.0424
   224   0.0929   0.0429
   225   0.0928   0.0427
   226   0.0928   0.0429
   227   0.0928   0.0425
   228   0.0928   0.0426
   229   0.0928   0.0422
   230   0.0928   0.0425
   231   0.0928   0.0430
   232   0.0928   0.0434
   233   0.0928   0.0426
   234   0.0928   0.0430
   235   0.0928   0.0428
   236   0.0927   0.0426
   237   0.0927   0.0422
   238   0.0927   0.0418
   239   0.0927   0.0414
   240   0.0927   0.0413
   241   0.0927   0.0414
   242   0.0927   0.0416
   243   0.0927   0.0412
   244   0.0926   0.0419
   245   0.0926   0.0419
   246   0.0926   0.0418
   247   0.0926   0.0415
   248   0.0926   0.0412
   249   0.0926   0.0410
   250   0.0926   0.0414
   251   0.0926   0.0419
   252   0.0926   0.0422
   253   0.0926   0.0421
   254   0.0926   0.0418
   255   0.0926   0.0418
   256   0.0926   0.0417
   257   0.0926   0.0414
   258   0.0926   0.0418
   259   0.0926   0.0415
   260   0.0926   0.0416
   261   0.0925   0.0415
   262   0.0925   0.0416
   263   0.0925   0.0423
   264   0.0925   0.0418
   265   0.0925   0.0420
   266   0.0925   0.0413
   267   0.0925   0.0414
   268   0.0925   0.0415
   269   0.0925   0.0415
   270   0.0925   0.0414
   271   0.0925   0.0415
   272   0.0925   0.0413
   273   0.0925   0.0411
   274   0.0925   0.0407
   275   0.0925   0.0407
   276   0.0925   0.0407
   277   0.0925   0.0407
   278   0.0925   0.0406
   279   0.0925   0.0407
   280   0.0925   0.0406
   281   0.0925   0.0406
   282   0.0925   0.0406
   283   0.0925   0.0406
   284   0.0925   0.0408
   285   0.0925   0.0408
   286   0.0925   0.0405
   287   0.0925   0.0408
   288   0.0925   0.0408
   289   0.0925   0.0408
   290   0.0925   0.0408
   291   0.0925   0.0408
   292   0.0925   0.0407
   293   0.0925   0.0406
   294   0.0925   0.0406
   295   0.0925   0.0406
   296   0.0925   0.0407
   297   0.0925   0.0407
   298   0.0925   0.0404
   299   0.0925   0.0407
   300   0.0925   0.0407
   301   0.0925   0.0406
   302   0.0925   0.0406
   303   0.0925   0.0406
   304   0.0925   0.0406
   305   0.0925   0.0406
   306   0.0925   0.0407
   307   0.0925   0.0407
   308   0.0925   0.0406
   309   0.0925   0.0407
   310   0.0925   0.0404
   311   0.0925   0.0406
   312   0.0925   0.0406
   313   0.0925   0.0406
   314   0.0925   0.0406
   315   0.0925   0.0407
   316   0.0925   0.0407
   317   0.0925   0.0407
   318   0.0925   0.0407
   319   0.0925   0.0407
   320   0.0925   0.0407
   321   0.0925   0.0407
   322   0.0925   0.0406
   323   0.0925   0.0406
   324   0.0925   0.0405
   325   0.0924   0.0406
   326   0.0924   0.0406
   327   0.0924   0.0406
   328   0.0924   0.0407
   329   0.0924   0.0406
   330   0.0924   0.0406
   331   0.0924   0.0406
   332   0.0924   0.0406
   333   0.0924   0.0405
   334   0.0924   0.0406
   335   0.0924   0.0407
   336   0.0924   0.0407
   337   0.0924   0.0407
   338   0.0924   0.0407
   339   0.0924   0.0406
   340   0.0924   0.0406
