#     it    Ltra    Lval
     1   0.2587   0.2567
     2   0.2065   0.1763
     3   0.1982   0.1761
     4   0.1981   0.1761
     5   0.1978   0.1762
     6   0.1972   0.1778
     7   0.1964   0.1816
     8   0.1954   0.1792
     9   0.1946   0.1694
    10   0.1943   0.1683
    11   0.1928   0.1685
    12   0.1902   0.1714
    13   0.1886   0.1747
    14   0.1878   0.1692
    15   0.1864   0.1716
    16   0.1799   0.1684
    17   0.1767   0.1771
    18   0.1746   0.1679
    19   0.1691   0.1556
    20   0.1668   0.1569
    21   0.1662   0.1615
    22   0.1643   0.1426
    23   0.1619   0.1440
    24   0.1594   0.1514
    25   0.1578   0.1465
    26   0.1557   0.1438
    27   0.1521   0.1358
    28   0.1490   0.1354
    29   0.1464   0.1342
    30   0.1439   0.1311
    31   0.1428   0.1354
    32   0.1423   0.1278
    33   0.1405   0.1244
    34   0.1399   0.1276
    35   0.1392   0.1283
    36   0.1388   0.1315
    37   0.1380   0.1279
    38   0.1370   0.1227
    39   0.1357   0.1188
    40   0.1324   0.1140
    41   0.1309   0.1143
    42   0.1301   0.1165
    43   0.1276   0.1133
    44   0.1250   0.1060
    45   0.1218   0.1039
    46   0.1211   0.0869
    47   0.1196   0.0896
    48   0.1191   0.0928
    49   0.1187   0.0986
    50   0.1182   0.0973
    51   0.1174   0.0952
    52   0.1167   0.0916
    53   0.1161   0.0935
    54   0.1153   0.0891
    55   0.1151   0.0920
    56   0.1147   0.0938
    57   0.1140   0.0900
    58   0.1133   0.0953
    59   0.1121   0.0897
    60   0.1115   0.0887
    61   0.1110   0.0876
    62   0.1102   0.0854
    63   0.1094   0.0889
    64   0.1086   0.0813
    65   0.1082   0.0814
    66   0.1080   0.0803
    67   0.1078   0.0802
    68   0.1074   0.0735
    69   0.1072   0.0774
    70   0.1071   0.0764
    71   0.1067   0.0768
    72   0.1063   0.0790
    73   0.1061   0.0796
    74   0.1058   0.0787
    75   0.1053   0.0741
    76   0.1050   0.0723
    77   0.1047   0.0749
    78   0.1046   0.0715
    79   0.1044   0.0705
    80   0.1043   0.0703
    81   0.1039   0.0686
    82   0.1037   0.0682
    83   0.1033   0.0664
    84   0.1030   0.0700
    85   0.1027   0.0697
    86   0.1025   0.0712
    87   0.1024   0.0694
    88   0.1023   0.0693
    89   0.1022   0.0696
    90   0.1020   0.0675
    91   0.1020   0.0687
    92   0.1019   0.0677
    93   0.1018   0.0664
    94   0.1018   0.0659
    95   0.1018   0.0657
    96   0.1018   0.0657
    97   0.1017   0.0659
    98   0.1017   0.0658
    99   0.1017   0.0653
   100   0.1016   0.0639
   101   0.1016   0.0639
   102   0.1016   0.0637
   103   0.1015   0.0649
   104   0.1015   0.0652
   105   0.1015   0.0648
   106   0.1015   0.0653
   107   0.1014   0.0650
   108   0.1014   0.0645
   109   0.1014   0.0640
   110   0.1013   0.0627
   111   0.1012   0.0620
   112   0.1011   0.0623
   113   0.1010   0.0623
   114   0.1009   0.0598
   115   0.1009   0.0612
   116   0.1008   0.0630
   117   0.1007   0.0628
   118   0.1005   0.0640
   119   0.1002   0.0642
   120   0.0999   0.0638
   121   0.0997   0.0642
   122   0.0996   0.0606
   123   0.0994   0.0649
   124   0.0993   0.0609
   125   0.0991   0.0623
   126   0.0990   0.0623
   127   0.0988   0.0637
   128   0.0985   0.0626
   129   0.0984   0.0633
   130   0.0983   0.0605
   131   0.0983   0.0607
   132   0.0982   0.0602
   133   0.0982   0.0601
   134   0.0982   0.0603
   135   0.0981   0.0609
   136   0.0980   0.0627
   137   0.0979   0.0629
   138   0.0979   0.0625
   139   0.0978   0.0640
   140   0.0977   0.0628
   141   0.0977   0.0627
   142   0.0976   0.0620
   143   0.0976   0.0615
   144   0.0976   0.0619
   145   0.0975   0.0615
   146   0.0975   0.0616
   147   0.0975   0.0618
   148   0.0975   0.0619
   149   0.0975   0.0619
   150   0.0975   0.0617
   151   0.0975   0.0620
   152   0.0974   0.0607
   153   0.0974   0.0599
   154   0.0974   0.0595
   155   0.0974   0.0599
   156   0.0973   0.0598
   157   0.0973   0.0601
   158   0.0973   0.0605
   159   0.0973   0.0607
   160   0.0973   0.0609
   161   0.0973   0.0607
   162   0.0973   0.0605
   163   0.0972   0.0598
   164   0.0972   0.0602
   165   0.0972   0.0602
   166   0.0972   0.0603
   167   0.0972   0.0600
   168   0.0972   0.0598
   169   0.0972   0.0601
   170   0.0971   0.0604
   171   0.0971   0.0608
   172   0.0971   0.0608
   173   0.0971   0.0611
   174   0.0971   0.0612
   175   0.0971   0.0604
   176   0.0971   0.0606
   177   0.0971   0.0599
   178   0.0970   0.0598
   179   0.0970   0.0590
   180   0.0970   0.0595
   181   0.0970   0.0598
   182   0.0970   0.0600
   183   0.0970   0.0601
   184   0.0970   0.0597
   185   0.0970   0.0593
   186   0.0970   0.0587
   187   0.0970   0.0586
   188   0.0970   0.0587
   189   0.0970   0.0590
   190   0.0970   0.0591
   191   0.0969   0.0593
   192   0.0969   0.0598
   193   0.0969   0.0593
   194   0.0969   0.0591
   195   0.0969   0.0591
   196   0.0969   0.0590
   197   0.0969   0.0595
   198   0.0969   0.0593
   199   0.0969   0.0592
   200   0.0969   0.0590
   201   0.0969   0.0587
   202   0.0968   0.0582
   203   0.0968   0.0579
   204   0.0968   0.0576
   205   0.0968   0.0575
   206   0.0968   0.0575
   207   0.0968   0.0572
   208   0.0968   0.0578
   209   0.0968   0.0573
   210   0.0968   0.0573
   211   0.0968   0.0568
   212   0.0968   0.0570
   213   0.0968   0.0570
   214   0.0968   0.0576
   215   0.0967   0.0572
   216   0.0967   0.0571
   217   0.0967   0.0574
   218   0.0967   0.0574
   219   0.0967   0.0577
   220   0.0967   0.0577
   221   0.0967   0.0579
   222   0.0967   0.0576
   223   0.0967   0.0580
   224   0.0967   0.0576
   225   0.0967   0.0571
   226   0.0967   0.0573
   227   0.0967   0.0570
   228   0.0967   0.0570
   229   0.0967   0.0573
   230   0.0967   0.0575
   231   0.0966   0.0578
   232   0.0966   0.0578
   233   0.0966   0.0577
   234   0.0966   0.0576
   235   0.0966   0.0574
   236   0.0966   0.0574
   237   0.0966   0.0574
   238   0.0966   0.0575
   239   0.0966   0.0574
   240   0.0966   0.0569
   241   0.0966   0.0572
   242   0.0966   0.0567
   243   0.0966   0.0565
   244   0.0966   0.0563
   245   0.0965   0.0565
   246   0.0965   0.0556
   247   0.0965   0.0562
   248   0.0965   0.0565
   249   0.0965   0.0563
   250   0.0965   0.0562
   251   0.0965   0.0561
   252   0.0965   0.0563
   253   0.0964   0.0544
   254   0.0964   0.0550
   255   0.0964   0.0550
   256   0.0964   0.0552
   257   0.0964   0.0554
   258   0.0964   0.0554
   259   0.0964   0.0554
   260   0.0964   0.0552
   261   0.0964   0.0550
   262   0.0964   0.0541
   263   0.0964   0.0543
   264   0.0964   0.0535
   265   0.0964   0.0537
   266   0.0964   0.0538
   267   0.0963   0.0537
   268   0.0963   0.0538
   269   0.0963   0.0537
   270   0.0963   0.0535
   271   0.0963   0.0541
   272   0.0963   0.0542
   273   0.0962   0.0529
   274   0.0962   0.0533
   275   0.0962   0.0532
   276   0.0962   0.0531
   277   0.0962   0.0531
   278   0.0962   0.0531
   279   0.0961   0.0531
   280   0.0961   0.0527
   281   0.0961   0.0528
   282   0.0961   0.0529
   283   0.0961   0.0531
   284   0.0961   0.0538
   285   0.0961   0.0535
   286   0.0960   0.0532
   287   0.0960   0.0530
   288   0.0960   0.0533
   289   0.0960   0.0529
   290   0.0960   0.0530
   291   0.0960   0.0530
   292   0.0960   0.0524
   293   0.0960   0.0522
   294   0.0959   0.0522
   295   0.0959   0.0523
   296   0.0959   0.0525
   297   0.0959   0.0526
   298   0.0959   0.0523
   299   0.0959   0.0525
   300   0.0958   0.0520
   301   0.0958   0.0520
   302   0.0958   0.0517
   303   0.0958   0.0519
   304   0.0958   0.0523
   305   0.0958   0.0529
   306   0.0958   0.0532
   307   0.0958   0.0534
   308   0.0958   0.0523
   309   0.0958   0.0523
   310   0.0958   0.0521
   311   0.0957   0.0519
   312   0.0957   0.0517
   313   0.0957   0.0517
   314   0.0957   0.0512
   315   0.0957   0.0517
   316   0.0957   0.0519
   317   0.0957   0.0519
   318   0.0957   0.0516
   319   0.0957   0.0516
   320   0.0957   0.0514
   321   0.0957   0.0512
   322   0.0957   0.0511
   323   0.0957   0.0512
   324   0.0957   0.0519
   325   0.0957   0.0518
   326   0.0957   0.0517
   327   0.0957   0.0520
   328   0.0957   0.0524
   329   0.0957   0.0523
   330   0.0957   0.0523
   331   0.0956   0.0523
   332   0.0956   0.0524
   333   0.0956   0.0527
   334   0.0956   0.0526
   335   0.0956   0.0523
   336   0.0956   0.0522
   337   0.0956   0.0524
   338   0.0956   0.0522
   339   0.0956   0.0523
   340   0.0956   0.0526
   341   0.0956   0.0523
   342   0.0956   0.0522
   343   0.0956   0.0520
   344   0.0956   0.0522
   345   0.0955   0.0528
   346   0.0955   0.0532
   347   0.0955   0.0529
   348   0.0955   0.0530
   349   0.0955   0.0529
   350   0.0955   0.0524
   351   0.0955   0.0522
   352   0.0955   0.0521
   353   0.0955   0.0524
   354   0.0954   0.0528
   355   0.0954   0.0529
   356   0.0954   0.0525
   357   0.0954   0.0521
   358   0.0954   0.0524
   359   0.0954   0.0528
   360   0.0954   0.0531
   361   0.0954   0.0532
   362   0.0954   0.0525
   363   0.0953   0.0511
   364   0.0953   0.0518
   365   0.0953   0.0518
   366   0.0953   0.0517
   367   0.0953   0.0515
   368   0.0953   0.0513
   369   0.0953   0.0513
   370   0.0953   0.0509
   371   0.0953   0.0513
   372   0.0953   0.0517
   373   0.0953   0.0523
   374   0.0953   0.0524
   375   0.0953   0.0530
   376   0.0953   0.0528
   377   0.0953   0.0525
   378   0.0953   0.0523
   379   0.0952   0.0520
   380   0.0952   0.0519
   381   0.0952   0.0520
   382   0.0952   0.0518
   383   0.0952   0.0512
   384   0.0952   0.0517
   385   0.0952   0.0519
   386   0.0952   0.0521
   387   0.0952   0.0518
   388   0.0951   0.0516
   389   0.0951   0.0518
   390   0.0951   0.0517
   391   0.0951   0.0513
   392   0.0951   0.0511
   393   0.0951   0.0510
   394   0.0951   0.0509
   395   0.0951   0.0513
   396   0.0951   0.0516
   397   0.0950   0.0515
   398   0.0950   0.0516
   399   0.0950   0.0510
   400   0.0950   0.0511
   401   0.0950   0.0511
   402   0.0950   0.0516
   403   0.0950   0.0516
   404   0.0950   0.0520
   405   0.0950   0.0515
   406   0.0950   0.0521
   407   0.0950   0.0521
   408   0.0950   0.0517
   409   0.0950   0.0517
   410   0.0950   0.0518
   411   0.0949   0.0516
   412   0.0949   0.0514
   413   0.0949   0.0517
   414   0.0949   0.0512
   415   0.0949   0.0512
   416   0.0949   0.0517
   417   0.0949   0.0516
   418   0.0949   0.0516
   419   0.0949   0.0515
   420   0.0949   0.0522
   421   0.0949   0.0512
   422   0.0948   0.0515
   423   0.0948   0.0518
   424   0.0948   0.0517
   425   0.0948   0.0518
   426   0.0948   0.0518
   427   0.0948   0.0520
   428   0.0948   0.0520
   429   0.0948   0.0521
   430   0.0948   0.0518
   431   0.0948   0.0516
   432   0.0948   0.0515
   433   0.0948   0.0512
   434   0.0948   0.0515
   435   0.0948   0.0514
   436   0.0948   0.0511
   437   0.0948   0.0512
   438   0.0948   0.0512
   439   0.0948   0.0512
   440   0.0948   0.0513
   441   0.0948   0.0512
   442   0.0948   0.0512
   443   0.0948   0.0516
   444   0.0947   0.0514
   445   0.0947   0.0526
   446   0.0947   0.0509
   447   0.0947   0.0516
   448   0.0947   0.0517
   449   0.0947   0.0519
   450   0.0947   0.0518
   451   0.0947   0.0516
   452   0.0947   0.0515
   453   0.0947   0.0513
   454   0.0947   0.0511
   455   0.0947   0.0508
   456   0.0947   0.0509
   457   0.0947   0.0510
   458   0.0947   0.0509
   459   0.0947   0.0511
   460   0.0947   0.0508
   461   0.0947   0.0508
   462   0.0947   0.0509
   463   0.0947   0.0507
   464   0.0947   0.0507
   465   0.0947   0.0509
   466   0.0947   0.0507
   467   0.0947   0.0506
   468   0.0947   0.0505
   469   0.0946   0.0505
   470   0.0946   0.0505
   471   0.0946   0.0502
   472   0.0946   0.0506
   473   0.0946   0.0508
   474   0.0946   0.0508
   475   0.0946   0.0507
   476   0.0946   0.0506
   477   0.0946   0.0505
   478   0.0946   0.0503
   479   0.0946   0.0503
   480   0.0946   0.0504
   481   0.0946   0.0504
   482   0.0946   0.0505
   483   0.0946   0.0505
   484   0.0946   0.0505
   485   0.0946   0.0504
   486   0.0946   0.0505
   487   0.0946   0.0504
   488   0.0946   0.0501
   489   0.0946   0.0502
   490   0.0946   0.0502
   491   0.0946   0.0507
   492   0.0946   0.0507
   493   0.0946   0.0507
   494   0.0946   0.0506
   495   0.0946   0.0506
   496   0.0946   0.0506
   497   0.0945   0.0501
   498   0.0945   0.0503
   499   0.0945   0.0502
   500   0.0945   0.0502
   501   0.0945   0.0501
   502   0.0945   0.0502
   503   0.0945   0.0504
   504   0.0945   0.0504
   505   0.0945   0.0504
   506   0.0945   0.0504
   507   0.0945   0.0507
   508   0.0945   0.0502
   509   0.0945   0.0505
   510   0.0945   0.0506
   511   0.0945   0.0506
   512   0.0945   0.0506
   513   0.0945   0.0504
   514   0.0945   0.0505
   515   0.0945   0.0508
   516   0.0945   0.0510
   517   0.0945   0.0509
   518   0.0945   0.0508
   519   0.0945   0.0505
   520   0.0945   0.0506
   521   0.0945   0.0503
   522   0.0945   0.0497
   523   0.0945   0.0500
   524   0.0945   0.0501
   525   0.0945   0.0506
   526   0.0945   0.0503
   527   0.0945   0.0501
   528   0.0945   0.0497
   529   0.0944   0.0496
   530   0.0944   0.0492
   531   0.0944   0.0495
   532   0.0944   0.0496
   533   0.0944   0.0496
   534   0.0944   0.0491
   535   0.0944   0.0491
   536   0.0944   0.0492
   537   0.0944   0.0490
   538   0.0944   0.0493
   539   0.0944   0.0489
   540   0.0944   0.0484
   541   0.0944   0.0481
   542   0.0944   0.0479
   543   0.0944   0.0480
   544   0.0943   0.0479
   545   0.0943   0.0483
   546   0.0943   0.0490
   547   0.0943   0.0489
   548   0.0943   0.0487
   549   0.0943   0.0484
   550   0.0943   0.0483
   551   0.0943   0.0481
   552   0.0943   0.0479
   553   0.0942   0.0473
   554   0.0942   0.0473
   555   0.0942   0.0475
   556   0.0942   0.0476
   557   0.0942   0.0473
   558   0.0942   0.0466
   559   0.0942   0.0474
   560   0.0942   0.0477
   561   0.0942   0.0475
   562   0.0942   0.0474
   563   0.0942   0.0474
   564   0.0942   0.0471
   565   0.0942   0.0471
   566   0.0941   0.0468
   567   0.0941   0.0470
   568   0.0941   0.0466
   569   0.0941   0.0467
   570   0.0941   0.0466
   571   0.0941   0.0465
   572   0.0941   0.0464
   573   0.0941   0.0469
   574   0.0941   0.0466
   575   0.0941   0.0463
   576   0.0941   0.0463
   577   0.0941   0.0464
   578   0.0941   0.0464
   579   0.0941   0.0462
   580   0.0941   0.0461
   581   0.0941   0.0458
   582   0.0941   0.0457
   583   0.0941   0.0458
   584   0.0941   0.0453
   585   0.0940   0.0460
   586   0.0940   0.0455
   587   0.0940   0.0453
   588   0.0940   0.0455
   589   0.0940   0.0457
   590   0.0940   0.0457
   591   0.0940   0.0456
   592   0.0940   0.0454
   593   0.0940   0.0453
   594   0.0940   0.0453
   595   0.0940   0.0453
   596   0.0940   0.0450
   597   0.0940   0.0454
   598   0.0940   0.0453
   599   0.0940   0.0455
   600   0.0940   0.0453
   601   0.0940   0.0453
   602   0.0940   0.0454
   603   0.0940   0.0453
   604   0.0940   0.0453
   605   0.0940   0.0452
   606   0.0940   0.0452
   607   0.0940   0.0451
   608   0.0940   0.0446
   609   0.0940   0.0449
   610   0.0940   0.0450
   611   0.0940   0.0451
   612   0.0940   0.0452
   613   0.0940   0.0452
   614   0.0940   0.0452
   615   0.0940   0.0451
   616   0.0940   0.0451
   617   0.0940   0.0450
   618   0.0940   0.0450
   619   0.0940   0.0451
   620   0.0940   0.0450
   621   0.0940   0.0452
   622   0.0940   0.0452
   623   0.0940   0.0452
   624   0.0940   0.0452
   625   0.0940   0.0450
   626   0.0940   0.0448
   627   0.0940   0.0448
   628   0.0940   0.0448
   629   0.0940   0.0448
   630   0.0940   0.0448
   631   0.0940   0.0449
   632   0.0940   0.0450
   633   0.0940   0.0448
   634   0.0940   0.0449
   635   0.0940   0.0449
   636   0.0939   0.0449
   637   0.0939   0.0450
   638   0.0939   0.0448
   639   0.0939   0.0449
   640   0.0939   0.0450
   641   0.0939   0.0450
   642   0.0939   0.0451
   643   0.0939   0.0451
   644   0.0939   0.0451
   645   0.0939   0.0448
   646   0.0939   0.0452
   647   0.0939   0.0454
   648   0.0939   0.0455
   649   0.0939   0.0455
   650   0.0939   0.0455
   651   0.0939   0.0454
   652   0.0939   0.0455
   653   0.0939   0.0454
   654   0.0939   0.0454
   655   0.0939   0.0456
   656   0.0939   0.0457
   657   0.0939   0.0461
   658   0.0939   0.0461
   659   0.0939   0.0461
   660   0.0939   0.0462
   661   0.0939   0.0464
   662   0.0939   0.0467
   663   0.0939   0.0467
   664   0.0939   0.0468
   665   0.0939   0.0466
   666   0.0939   0.0468
   667   0.0939   0.0471
   668   0.0939   0.0468
   669   0.0939   0.0467
   670   0.0939   0.0471
   671   0.0939   0.0471
   672   0.0939   0.0473
   673   0.0939   0.0470
   674   0.0939   0.0471
   675   0.0939   0.0473
   676   0.0939   0.0469
   677   0.0938   0.0473
   678   0.0938   0.0464
   679   0.0938   0.0466
   680   0.0938   0.0469
   681   0.0938   0.0469
   682   0.0938   0.0467
   683   0.0938   0.0472
   684   0.0938   0.0467
   685   0.0938   0.0471
   686   0.0938   0.0471
   687   0.0938   0.0471
   688   0.0938   0.0469
   689   0.0938   0.0471
   690   0.0938   0.0470
   691   0.0938   0.0476
   692   0.0937   0.0476
   693   0.0937   0.0479
   694   0.0937   0.0475
   695   0.0937   0.0469
   696   0.0937   0.0477
   697   0.0937   0.0479
   698   0.0937   0.0478
   699   0.0936   0.0472
   700   0.0936   0.0460
   701   0.0936   0.0462
   702   0.0936   0.0468
   703   0.0936   0.0469
   704   0.0936   0.0464
   705   0.0936   0.0468
   706   0.0936   0.0469
   707   0.0935   0.0473
   708   0.0935   0.0475
   709   0.0935   0.0473
   710   0.0935   0.0480
   711   0.0935   0.0473
   712   0.0935   0.0468
   713   0.0935   0.0467
   714   0.0935   0.0468
   715   0.0935   0.0471
   716   0.0935   0.0476
   717   0.0935   0.0473
   718   0.0935   0.0470
   719   0.0934   0.0469
   720   0.0934   0.0465
   721   0.0934   0.0466
   722   0.0934   0.0462
   723   0.0934   0.0470
   724   0.0934   0.0471
   725   0.0934   0.0471
   726   0.0934   0.0474
   727   0.0934   0.0478
   728   0.0934   0.0471
   729   0.0933   0.0477
   730   0.0933   0.0476
   731   0.0933   0.0473
   732   0.0933   0.0476
   733   0.0933   0.0474
   734   0.0933   0.0475
   735   0.0933   0.0474
   736   0.0933   0.0477
   737   0.0933   0.0477
   738   0.0933   0.0477
   739   0.0933   0.0477
   740   0.0933   0.0476
   741   0.0933   0.0478
   742   0.0933   0.0471
   743   0.0933   0.0474
   744   0.0933   0.0475
   745   0.0933   0.0475
   746   0.0933   0.0473
   747   0.0933   0.0474
   748   0.0933   0.0470
   749   0.0933   0.0468
   750   0.0933   0.0468
   751   0.0933   0.0476
   752   0.0933   0.0474
   753   0.0933   0.0475
   754   0.0933   0.0476
   755   0.0933   0.0478
   756   0.0932   0.0477
   757   0.0932   0.0498
   758   0.0932   0.0482
   759   0.0932   0.0481
   760   0.0932   0.0488
   761   0.0932   0.0481
   762   0.0932   0.0480
   763   0.0932   0.0482
   764   0.0932   0.0481
   765   0.0932   0.0482
   766   0.0932   0.0483
   767   0.0932   0.0483
   768   0.0932   0.0484
   769   0.0932   0.0484
   770   0.0932   0.0484
   771   0.0932   0.0481
   772   0.0932   0.0483
   773   0.0932   0.0484
   774   0.0932   0.0484
   775   0.0932   0.0485
   776   0.0932   0.0483
   777   0.0932   0.0486
   778   0.0932   0.0484
   779   0.0932   0.0484
   780   0.0932   0.0484
   781   0.0932   0.0485
   782   0.0932   0.0484
   783   0.0932   0.0487
   784   0.0932   0.0487
   785   0.0931   0.0485
   786   0.0931   0.0484
   787   0.0931   0.0480
   788   0.0931   0.0480
   789   0.0931   0.0478
   790   0.0931   0.0477
   791   0.0931   0.0478
   792   0.0931   0.0477
   793   0.0931   0.0474
   794   0.0931   0.0476
   795   0.0931   0.0471
   796   0.0931   0.0462
   797   0.0930   0.0465
   798   0.0930   0.0463
   799   0.0930   0.0459
   800   0.0930   0.0459
   801   0.0930   0.0463
   802   0.0930   0.0460
   803   0.0930   0.0454
   804   0.0930   0.0455
   805   0.0930   0.0454
   806   0.0930   0.0452
   807   0.0930   0.0451
   808   0.0930   0.0451
   809   0.0929   0.0450
   810   0.0929   0.0459
   811   0.0929   0.0456
   812   0.0929   0.0456
   813   0.0929   0.0456
   814   0.0929   0.0455
   815   0.0929   0.0456
   816   0.0929   0.0461
   817   0.0929   0.0459
   818   0.0929   0.0457
   819   0.0929   0.0456
   820   0.0929   0.0458
   821   0.0929   0.0458
   822   0.0928   0.0463
   823   0.0928   0.0461
   824   0.0928   0.0465
   825   0.0928   0.0467
   826   0.0928   0.0471
   827   0.0928   0.0469
   828   0.0928   0.0469
   829   0.0928   0.0469
   830   0.0928   0.0468
   831   0.0928   0.0468
   832   0.0928   0.0468
   833   0.0928   0.0469
   834   0.0928   0.0470
   835   0.0928   0.0472
   836   0.0928   0.0471
   837   0.0928   0.0469
   838   0.0928   0.0470
   839   0.0928   0.0466
   840   0.0928   0.0469
   841   0.0928   0.0471
   842   0.0928   0.0471
   843   0.0928   0.0471
   844   0.0928   0.0471
   845   0.0928   0.0471
   846   0.0928   0.0471
   847   0.0928   0.0471
   848   0.0928   0.0471
   849   0.0928   0.0470
   850   0.0928   0.0470
   851   0.0928   0.0470
   852   0.0928   0.0469
   853   0.0928   0.0472
   854   0.0928   0.0472
   855   0.0928   0.0472
   856   0.0928   0.0472
   857   0.0928   0.0473
   858   0.0928   0.0474
   859   0.0928   0.0474
   860   0.0928   0.0474
   861   0.0928   0.0474
   862   0.0928   0.0474
   863   0.0928   0.0475
   864   0.0928   0.0474
   865   0.0928   0.0473
   866   0.0928   0.0474
   867   0.0928   0.0472
   868   0.0928   0.0474
   869   0.0928   0.0476
   870   0.0928   0.0476
   871   0.0928   0.0476
   872   0.0928   0.0476
   873   0.0928   0.0475
   874   0.0928   0.0475
   875   0.0928   0.0475
   876   0.0928   0.0475
   877   0.0928   0.0477
   878   0.0928   0.0476
   879   0.0928   0.0476
   880   0.0928   0.0476
   881   0.0928   0.0476
   882   0.0928   0.0477
   883   0.0928   0.0477
   884   0.0928   0.0478
   885   0.0928   0.0476
   886   0.0928   0.0477
   887   0.0928   0.0477
   888   0.0928   0.0477
   889   0.0928   0.0477
   890   0.0928   0.0476
   891   0.0928   0.0477
   892   0.0928   0.0477
   893   0.0928   0.0478
   894   0.0928   0.0478
   895   0.0928   0.0477
   896   0.0928   0.0477
   897   0.0928   0.0476
   898   0.0928   0.0477
   899   0.0928   0.0477
   900   0.0928   0.0477
   901   0.0928   0.0477
   902   0.0928   0.0477
   903   0.0928   0.0477
   904   0.0928   0.0477
