#     it    Ltra    Lval
     1   0.3542   0.3839
     2   0.3523   0.3841
     3   0.3465   0.3802
     4   0.3414   0.3720
     5   0.3335   0.3618
     6   0.3299   0.3591
     7   0.3205   0.3508
     8   0.3054   0.3423
     9   0.3011   0.3417
    10   0.2965   0.3421
    11   0.2916   0.3454
    12   0.2873   0.3631
    13   0.2807   0.3508
    14   0.2716   0.3453
    15   0.2669   0.3413
    16   0.2601   0.3421
    17   0.2561   0.3465
    18   0.2511   0.3515
    19   0.2408   0.3544
    20   0.2363   0.3470
    21   0.2327   0.3400
    22   0.2275   0.3306
    23   0.2221   0.3153
    24   0.2182   0.3121
    25   0.2141   0.3030
    26   0.2111   0.2955
    27   0.2077   0.2912
    28   0.2037   0.2770
    29   0.1999   0.2784
    30   0.1951   0.2708
    31   0.1908   0.2548
    32   0.1870   0.2461
    33   0.1830   0.2340
    34   0.1783   0.2288
    35   0.1734   0.2211
    36   0.1693   0.2109
    37   0.1653   0.2057
    38   0.1636   0.1998
    39   0.1595   0.1952
    40   0.1530   0.1892
    41   0.1476   0.1790
    42   0.1442   0.1773
    43   0.1401   0.1724
    44   0.1370   0.1676
    45   0.1344   0.1644
    46   0.1308   0.1601
    47   0.1287   0.1576
    48   0.1259   0.1544
    49   0.1227   0.1491
    50   0.1198   0.1440
    51   0.1148   0.1358
    52   0.1135   0.1330
    53   0.1104   0.1311
    54   0.1072   0.1274
    55   0.1056   0.1251
    56   0.1044   0.1249
    57   0.1030   0.1245
    58   0.1012   0.1233
    59   0.0987   0.1205
    60   0.0959   0.1158
    61   0.0927   0.1111
    62   0.0902   0.1075
    63   0.0876   0.1062
    64   0.0863   0.1040
    65   0.0839   0.1038
    66   0.0830   0.1028
    67   0.0801   0.1007
    68   0.0775   0.0991
    69   0.0758   0.0942
    70   0.0748   0.0929
    71   0.0739   0.0902
    72   0.0728   0.0875
    73   0.0720   0.0846
    74   0.0712   0.0849
    75   0.0705   0.0841
    76   0.0701   0.0840
    77   0.0696   0.0834
    78   0.0691   0.0829
    79   0.0689   0.0819
    80   0.0688   0.0816
    81   0.0685   0.0807
    82   0.0683   0.0800
    83   0.0681   0.0796
    84   0.0676   0.0785
    85   0.0673   0.0781
    86   0.0670   0.0790
    87   0.0665   0.0780
    88   0.0663   0.0771
    89   0.0660   0.0763
    90   0.0654   0.0751
    91   0.0649   0.0744
    92   0.0641   0.0735
    93   0.0637   0.0733
    94   0.0636   0.0731
    95   0.0631   0.0734
    96   0.0625   0.0738
    97   0.0619   0.0757
    98   0.0616   0.0789
    99   0.0612   0.0778
   100   0.0610   0.0765
   101   0.0607   0.0750
   102   0.0604   0.0745
   103   0.0601   0.0730
   104   0.0598   0.0727
   105   0.0596   0.0723
   106   0.0593   0.0715
   107   0.0591   0.0687
   108   0.0587   0.0692
   109   0.0585   0.0694
   110   0.0584   0.0688
   111   0.0584   0.0694
   112   0.0582   0.0692
   113   0.0580   0.0685
   114   0.0579   0.0690
   115   0.0577   0.0684
   116   0.0574   0.0673
   117   0.0571   0.0668
   118   0.0568   0.0664
   119   0.0567   0.0673
   120   0.0563   0.0656
   121   0.0562   0.0647
   122   0.0561   0.0644
   123   0.0560   0.0632
   124   0.0559   0.0628
   125   0.0558   0.0626
   126   0.0557   0.0625
   127   0.0556   0.0633
   128   0.0555   0.0632
   129   0.0553   0.0629
   130   0.0553   0.0629
   131   0.0552   0.0620
   132   0.0551   0.0620
   133   0.0550   0.0619
   134   0.0549   0.0616
   135   0.0549   0.0614
   136   0.0548   0.0610
   137   0.0547   0.0604
   138   0.0546   0.0604
   139   0.0546   0.0603
   140   0.0545   0.0602
   141   0.0545   0.0602
   142   0.0544   0.0600
   143   0.0543   0.0599
   144   0.0543   0.0595
   145   0.0543   0.0597
   146   0.0543   0.0596
   147   0.0542   0.0594
   148   0.0541   0.0594
   149   0.0539   0.0589
   150   0.0538   0.0598
   151   0.0537   0.0597
   152   0.0535   0.0599
   153   0.0534   0.0597
   154   0.0534   0.0601
   155   0.0533   0.0598
   156   0.0533   0.0591
   157   0.0532   0.0595
   158   0.0532   0.0596
   159   0.0531   0.0596
   160   0.0530   0.0593
   161   0.0527   0.0589
   162   0.0525   0.0588
   163   0.0524   0.0591
   164   0.0523   0.0593
   165   0.0521   0.0590
   166   0.0520   0.0584
   167   0.0519   0.0577
   168   0.0519   0.0566
   169   0.0518   0.0566
   170   0.0517   0.0565
   171   0.0517   0.0560
   172   0.0516   0.0555
   173   0.0514   0.0545
   174   0.0513   0.0546
   175   0.0511   0.0558
   176   0.0510   0.0561
   177   0.0509   0.0568
   178   0.0508   0.0562
   179   0.0506   0.0553
   180   0.0505   0.0542
   181   0.0504   0.0542
   182   0.0503   0.0537
   183   0.0502   0.0536
   184   0.0501   0.0538
   185   0.0501   0.0539
   186   0.0499   0.0542
   187   0.0498   0.0544
   188   0.0497   0.0539
   189   0.0496   0.0536
   190   0.0496   0.0528
   191   0.0495   0.0519
   192   0.0492   0.0502
   193   0.0491   0.0512
   194   0.0490   0.0507
   195   0.0490   0.0508
   196   0.0489   0.0510
   197   0.0488   0.0516
   198   0.0487   0.0520
   199   0.0485   0.0521
   200   0.0484   0.0515
   201   0.0483   0.0505
   202   0.0483   0.0502
   203   0.0483   0.0505
   204   0.0482   0.0507
   205   0.0482   0.0507
   206   0.0482   0.0505
   207   0.0481   0.0503
   208   0.0481   0.0502
   209   0.0480   0.0504
   210   0.0480   0.0506
   211   0.0480   0.0509
   212   0.0479   0.0511
   213   0.0479   0.0518
   214   0.0478   0.0515
   215   0.0478   0.0510
   216   0.0478   0.0503
   217   0.0477   0.0504
   218   0.0477   0.0505
   219   0.0477   0.0508
   220   0.0476   0.0505
   221   0.0476   0.0504
   222   0.0475   0.0502
   223   0.0475   0.0500
   224   0.0474   0.0498
   225   0.0473   0.0497
   226   0.0473   0.0499
   227   0.0473   0.0500
   228   0.0473   0.0501
   229   0.0472   0.0502
   230   0.0472   0.0505
   231   0.0472   0.0509
   232   0.0471   0.0510
   233   0.0471   0.0510
   234   0.0470   0.0508
   235   0.0470   0.0506
   236   0.0469   0.0504
   237   0.0468   0.0504
   238   0.0468   0.0501
   239   0.0468   0.0502
   240   0.0467   0.0504
   241   0.0466   0.0502
   242   0.0466   0.0504
   243   0.0466   0.0502
   244   0.0465   0.0500
   245   0.0465   0.0498
   246   0.0465   0.0500
   247   0.0464   0.0501
   248   0.0464   0.0503
   249   0.0464   0.0504
   250   0.0464   0.0504
   251   0.0463   0.0498
   252   0.0463   0.0497
   253   0.0463   0.0496
   254   0.0463   0.0495
   255   0.0463   0.0493
   256   0.0463   0.0494
   257   0.0463   0.0495
   258   0.0463   0.0496
   259   0.0462   0.0498
   260   0.0462   0.0498
   261   0.0462   0.0499
   262   0.0462   0.0497
   263   0.0462   0.0495
   264   0.0462   0.0494
   265   0.0461   0.0491
   266   0.0461   0.0493
   267   0.0461   0.0495
   268   0.0461   0.0497
   269   0.0461   0.0496
   270   0.0461   0.0495
   271   0.0461   0.0493
   272   0.0461   0.0490
   273   0.0461   0.0488
   274   0.0461   0.0488
   275   0.0461   0.0488
   276   0.0460   0.0489
   277   0.0460   0.0491
   278   0.0460   0.0492
   279   0.0460   0.0496
   280   0.0460   0.0494
   281   0.0460   0.0492
   282   0.0460   0.0491
   283   0.0460   0.0488
   284   0.0460   0.0488
   285   0.0459   0.0489
   286   0.0459   0.0489
   287   0.0459   0.0489
   288   0.0459   0.0487
   289   0.0459   0.0487
   290   0.0458   0.0486
   291   0.0458   0.0487
   292   0.0458   0.0487
   293   0.0458   0.0487
   294   0.0458   0.0487
   295   0.0458   0.0487
   296   0.0458   0.0484
   297   0.0458   0.0485
   298   0.0458   0.0484
   299   0.0458   0.0484
   300   0.0457   0.0483
   301   0.0457   0.0482
   302   0.0457   0.0479
   303   0.0457   0.0481
   304   0.0457   0.0481
   305   0.0457   0.0482
   306   0.0457   0.0482
   307   0.0457   0.0483
   308   0.0457   0.0481
   309   0.0457   0.0482
   310   0.0457   0.0482
   311   0.0457   0.0482
   312   0.0456   0.0482
   313   0.0456   0.0481
   314   0.0456   0.0481
   315   0.0456   0.0478
   316   0.0456   0.0478
   317   0.0456   0.0477
   318   0.0456   0.0478
   319   0.0456   0.0477
   320   0.0456   0.0478
   321   0.0456   0.0478
   322   0.0456   0.0479
   323   0.0456   0.0479
   324   0.0456   0.0479
   325   0.0456   0.0478
   326   0.0455   0.0476
   327   0.0455   0.0475
   328   0.0455   0.0475
   329   0.0455   0.0474
   330   0.0455   0.0474
   331   0.0455   0.0476
   332   0.0455   0.0474
   333   0.0455   0.0476
   334   0.0455   0.0475
   335   0.0455   0.0474
   336   0.0455   0.0474
   337   0.0454   0.0476
   338   0.0454   0.0474
   339   0.0454   0.0478
   340   0.0454   0.0479
   341   0.0454   0.0479
   342   0.0454   0.0478
   343   0.0454   0.0478
   344   0.0454   0.0475
   345   0.0454   0.0474
   346   0.0454   0.0474
   347   0.0454   0.0470
   348   0.0453   0.0474
   349   0.0453   0.0476
   350   0.0453   0.0478
   351   0.0453   0.0476
   352   0.0453   0.0474
   353   0.0453   0.0471
   354   0.0453   0.0467
   355   0.0453   0.0468
   356   0.0453   0.0469
   357   0.0452   0.0471
   358   0.0452   0.0471
   359   0.0452   0.0471
   360   0.0452   0.0469
   361   0.0452   0.0467
   362   0.0451   0.0465
   363   0.0451   0.0462
   364   0.0451   0.0467
   365   0.0451   0.0467
   366   0.0451   0.0463
   367   0.0450   0.0465
   368   0.0450   0.0468
   369   0.0450   0.0472
   370   0.0449   0.0469
   371   0.0449   0.0468
   372   0.0449   0.0465
   373   0.0449   0.0463
   374   0.0449   0.0459
   375   0.0448   0.0460
   376   0.0448   0.0461
   377   0.0447   0.0461
   378   0.0447   0.0466
   379   0.0447   0.0462
   380   0.0446   0.0463
   381   0.0445   0.0465
   382   0.0445   0.0459
   383   0.0444   0.0459
   384   0.0444   0.0458
   385   0.0444   0.0457
   386   0.0443   0.0457
   387   0.0443   0.0460
   388   0.0443   0.0459
   389   0.0442   0.0458
   390   0.0442   0.0459
   391   0.0442   0.0460
   392   0.0442   0.0459
   393   0.0442   0.0460
   394   0.0442   0.0461
   395   0.0441   0.0462
   396   0.0441   0.0461
   397   0.0441   0.0458
   398   0.0441   0.0456
   399   0.0441   0.0456
   400   0.0441   0.0457
   401   0.0441   0.0460
   402   0.0440   0.0466
   403   0.0440   0.0463
   404   0.0440   0.0461
   405   0.0440   0.0460
   406   0.0439   0.0460
   407   0.0439   0.0458
   408   0.0439   0.0456
   409   0.0438   0.0453
   410   0.0438   0.0453
   411   0.0438   0.0451
   412   0.0437   0.0457
   413   0.0437   0.0459
   414   0.0436   0.0466
   415   0.0436   0.0468
   416   0.0435   0.0467
   417   0.0434   0.0476
   418   0.0434   0.0473
   419   0.0434   0.0473
   420   0.0434   0.0470
   421   0.0433   0.0461
   422   0.0433   0.0461
   423   0.0433   0.0456
   424   0.0432   0.0453
   425   0.0432   0.0453
   426   0.0431   0.0451
   427   0.0431   0.0458
   428   0.0431   0.0460
   429   0.0431   0.0465
   430   0.0430   0.0462
   431   0.0430   0.0461
   432   0.0430   0.0460
   433   0.0430   0.0462
   434   0.0430   0.0463
   435   0.0429   0.0465
   436   0.0429   0.0465
   437   0.0429   0.0465
   438   0.0429   0.0458
   439   0.0428   0.0457
   440   0.0428   0.0457
   441   0.0428   0.0458
   442   0.0428   0.0461
   443   0.0428   0.0462
   444   0.0428   0.0462
   445   0.0428   0.0462
   446   0.0428   0.0460
   447   0.0427   0.0458
   448   0.0427   0.0455
   449   0.0427   0.0452
   450   0.0427   0.0450
   451   0.0427   0.0451
   452   0.0427   0.0451
   453   0.0427   0.0452
   454   0.0426   0.0454
   455   0.0426   0.0458
   456   0.0426   0.0458
   457   0.0426   0.0458
   458   0.0426   0.0458
   459   0.0426   0.0458
   460   0.0425   0.0458
   461   0.0425   0.0456
   462   0.0425   0.0452
   463   0.0424   0.0441
   464   0.0424   0.0444
   465   0.0424   0.0446
   466   0.0424   0.0448
   467   0.0423   0.0452
   468   0.0423   0.0456
   469   0.0423   0.0459
   470   0.0422   0.0461
   471   0.0422   0.0460
   472   0.0422   0.0458
   473   0.0421   0.0455
   474   0.0421   0.0453
   475   0.0421   0.0452
   476   0.0421   0.0454
   477   0.0420   0.0456
   478   0.0420   0.0459
   479   0.0420   0.0457
   480   0.0420   0.0465
   481   0.0419   0.0462
   482   0.0419   0.0457
   483   0.0419   0.0453
   484   0.0418   0.0450
   485   0.0418   0.0451
   486   0.0418   0.0452
   487   0.0417   0.0453
   488   0.0417   0.0459
   489   0.0417   0.0459
   490   0.0416   0.0461
   491   0.0416   0.0462
   492   0.0416   0.0464
   493   0.0416   0.0460
   494   0.0416   0.0460
   495   0.0416   0.0461
   496   0.0415   0.0462
   497   0.0415   0.0468
   498   0.0415   0.0467
   499   0.0415   0.0465
   500   0.0415   0.0468
   501   0.0415   0.0464
   502   0.0415   0.0463
   503   0.0414   0.0461
   504   0.0414   0.0458
   505   0.0414   0.0458
   506   0.0414   0.0459
   507   0.0414   0.0460
   508   0.0414   0.0461
   509   0.0414   0.0460
   510   0.0414   0.0461
   511   0.0414   0.0462
   512   0.0413   0.0463
   513   0.0413   0.0465
   514   0.0413   0.0467
   515   0.0413   0.0466
   516   0.0413   0.0467
   517   0.0413   0.0468
   518   0.0413   0.0468
   519   0.0413   0.0470
   520   0.0413   0.0476
   521   0.0413   0.0479
   522   0.0413   0.0478
   523   0.0413   0.0478
   524   0.0413   0.0477
   525   0.0412   0.0476
   526   0.0412   0.0477
   527   0.0412   0.0476
   528   0.0412   0.0477
   529   0.0412   0.0478
   530   0.0412   0.0479
   531   0.0412   0.0479
   532   0.0412   0.0480
   533   0.0412   0.0479
   534   0.0412   0.0478
   535   0.0412   0.0478
   536   0.0412   0.0477
   537   0.0412   0.0478
   538   0.0412   0.0482
   539   0.0412   0.0488
   540   0.0412   0.0487
   541   0.0411   0.0487
   542   0.0411   0.0487
   543   0.0411   0.0487
   544   0.0411   0.0487
   545   0.0411   0.0487
   546   0.0411   0.0486
   547   0.0411   0.0486
   548   0.0411   0.0487
   549   0.0411   0.0488
   550   0.0411   0.0489
   551   0.0411   0.0489
   552   0.0411   0.0490
   553   0.0411   0.0491
   554   0.0411   0.0492
   555   0.0411   0.0492
   556   0.0411   0.0493
   557   0.0411   0.0493
   558   0.0411   0.0495
   559   0.0411   0.0495
   560   0.0411   0.0496
   561   0.0411   0.0494
   562   0.0411   0.0494
   563   0.0411   0.0493
   564   0.0411   0.0491
   565   0.0411   0.0490
   566   0.0411   0.0490
   567   0.0411   0.0488
   568   0.0411   0.0488
   569   0.0411   0.0488
   570   0.0411   0.0489
   571   0.0411   0.0489
   572   0.0411   0.0489
   573   0.0411   0.0489
   574   0.0411   0.0488
   575   0.0411   0.0488
   576   0.0411   0.0488
   577   0.0411   0.0488
   578   0.0411   0.0488
   579   0.0411   0.0488
   580   0.0411   0.0488
   581   0.0411   0.0487
   582   0.0411   0.0487
   583   0.0411   0.0487
   584   0.0411   0.0487
   585   0.0411   0.0487
   586   0.0411   0.0488
   587   0.0411   0.0488
   588   0.0411   0.0489
   589   0.0411   0.0489
   590   0.0411   0.0489
   591   0.0411   0.0489
   592   0.0411   0.0489
   593   0.0411   0.0489
   594   0.0411   0.0489
   595   0.0411   0.0489
   596   0.0411   0.0489
   597   0.0411   0.0489
   598   0.0411   0.0489
   599   0.0411   0.0489
   600   0.0411   0.0489
   601   0.0411   0.0489
   602   0.0411   0.0489
   603   0.0411   0.0489
   604   0.0411   0.0490
   605   0.0411   0.0491
   606   0.0411   0.0491
   607   0.0411   0.0492
   608   0.0411   0.0492
   609   0.0411   0.0492
   610   0.0411   0.0491
   611   0.0411   0.0491
   612   0.0411   0.0491
   613   0.0411   0.0491
   614   0.0411   0.0491
   615   0.0411   0.0491
   616   0.0411   0.0491
   617   0.0411   0.0491
   618   0.0411   0.0490
   619   0.0411   0.0491
   620   0.0411   0.0491
   621   0.0411   0.0491
   622   0.0411   0.0491
   623   0.0411   0.0492
   624   0.0411   0.0492
   625   0.0411   0.0493
   626   0.0411   0.0493
   627   0.0411   0.0493
   628   0.0411   0.0493
   629   0.0411   0.0493
   630   0.0411   0.0493
   631   0.0411   0.0493
   632   0.0411   0.0493
   633   0.0411   0.0493
   634   0.0411   0.0494
   635   0.0411   0.0493
   636   0.0411   0.0494
   637   0.0411   0.0494
   638   0.0411   0.0493
   639   0.0411   0.0494
   640   0.0411   0.0493
   641   0.0411   0.0493
   642   0.0411   0.0493
   643   0.0411   0.0492
   644   0.0411   0.0491
   645   0.0411   0.0490
   646   0.0411   0.0490
   647   0.0411   0.0491
   648   0.0410   0.0492
   649   0.0410   0.0493
   650   0.0410   0.0493
   651   0.0410   0.0493
   652   0.0410   0.0493
   653   0.0410   0.0493
   654   0.0410   0.0493
   655   0.0410   0.0492
   656   0.0410   0.0492
   657   0.0410   0.0491
   658   0.0410   0.0490
   659   0.0410   0.0490
   660   0.0410   0.0490
   661   0.0410   0.0491
   662   0.0410   0.0491
   663   0.0410   0.0491
   664   0.0410   0.0491
   665   0.0410   0.0491
   666   0.0410   0.0492
   667   0.0410   0.0492
   668   0.0410   0.0492
   669   0.0410   0.0492
   670   0.0410   0.0493
   671   0.0410   0.0493
   672   0.0410   0.0494
   673   0.0410   0.0494
   674   0.0410   0.0495
   675   0.0410   0.0495
   676   0.0410   0.0494
   677   0.0410   0.0493
   678   0.0410   0.0491
   679   0.0410   0.0491
   680   0.0410   0.0491
   681   0.0410   0.0491
   682   0.0410   0.0490
   683   0.0410   0.0488
   684   0.0410   0.0488
   685   0.0410   0.0488
   686   0.0410   0.0488
   687   0.0410   0.0488
   688   0.0410   0.0490
   689   0.0410   0.0491
   690   0.0410   0.0491
   691   0.0410   0.0491
   692   0.0410   0.0491
   693   0.0410   0.0490
   694   0.0410   0.0490
   695   0.0410   0.0490
   696   0.0410   0.0491
   697   0.0410   0.0491
   698   0.0410   0.0492
   699   0.0410   0.0492
   700   0.0410   0.0492
   701   0.0410   0.0492
   702   0.0410   0.0491
   703   0.0410   0.0489
   704   0.0410   0.0490
   705   0.0410   0.0491
   706   0.0410   0.0491
   707   0.0410   0.0492
   708   0.0410   0.0492
   709   0.0410   0.0492
   710   0.0410   0.0493
   711   0.0410   0.0493
   712   0.0410   0.0493
   713   0.0410   0.0493
   714   0.0410   0.0494
   715   0.0410   0.0494
   716   0.0410   0.0495
   717   0.0410   0.0494
   718   0.0410   0.0494
   719   0.0410   0.0496
   720   0.0410   0.0496
   721   0.0410   0.0496
   722   0.0410   0.0493
   723   0.0410   0.0492
   724   0.0410   0.0490
   725   0.0410   0.0489
   726   0.0409   0.0487
   727   0.0409   0.0486
   728   0.0409   0.0486
   729   0.0409   0.0487
   730   0.0409   0.0486
   731   0.0409   0.0488
   732   0.0409   0.0488
   733   0.0409   0.0488
   734   0.0409   0.0489
   735   0.0409   0.0490
   736   0.0409   0.0491
   737   0.0409   0.0492
   738   0.0409   0.0492
   739   0.0409   0.0492
   740   0.0409   0.0490
   741   0.0409   0.0489
   742   0.0409   0.0486
   743   0.0409   0.0484
   744   0.0409   0.0483
   745   0.0409   0.0483
   746   0.0409   0.0484
   747   0.0409   0.0485
   748   0.0409   0.0485
   749   0.0409   0.0486
   750   0.0409   0.0486
   751   0.0409   0.0484
   752   0.0409   0.0484
   753   0.0409   0.0484
   754   0.0409   0.0485
   755   0.0409   0.0485
   756   0.0409   0.0485
   757   0.0409   0.0486
   758   0.0409   0.0486
   759   0.0409   0.0486
   760   0.0409   0.0484
   761   0.0409   0.0484
   762   0.0409   0.0484
   763   0.0409   0.0483
   764   0.0409   0.0483
   765   0.0409   0.0484
   766   0.0409   0.0484
   767   0.0409   0.0484
   768   0.0409   0.0486
   769   0.0409   0.0486
   770   0.0409   0.0486
   771   0.0409   0.0486
   772   0.0409   0.0486
   773   0.0409   0.0486
   774   0.0409   0.0486
   775   0.0409   0.0485
   776   0.0409   0.0486
   777   0.0409   0.0486
   778   0.0409   0.0486
   779   0.0409   0.0485
   780   0.0409   0.0484
   781   0.0409   0.0484
   782   0.0409   0.0484
   783   0.0409   0.0484
   784   0.0409   0.0484
   785   0.0409   0.0483
   786   0.0409   0.0484
   787   0.0409   0.0484
   788   0.0409   0.0484
   789   0.0409   0.0484
   790   0.0409   0.0484
   791   0.0409   0.0484
   792   0.0409   0.0483
   793   0.0409   0.0483
   794   0.0409   0.0484
   795   0.0409   0.0484
   796   0.0409   0.0485
   797   0.0409   0.0484
   798   0.0409   0.0484
   799   0.0409   0.0484
   800   0.0409   0.0483
   801   0.0409   0.0483
   802   0.0409   0.0483
   803   0.0409   0.0483
   804   0.0409   0.0483
   805   0.0409   0.0484
   806   0.0409   0.0484
   807   0.0409   0.0484
   808   0.0409   0.0484
   809   0.0409   0.0485
   810   0.0409   0.0484
   811   0.0409   0.0485
   812   0.0409   0.0484
   813   0.0409   0.0485
   814   0.0409   0.0484
   815   0.0409   0.0484
   816   0.0409   0.0485
   817   0.0409   0.0485
   818   0.0409   0.0486
   819   0.0409   0.0486
   820   0.0409   0.0486
   821   0.0408   0.0485
   822   0.0408   0.0485
   823   0.0408   0.0485
   824   0.0408   0.0485
   825   0.0408   0.0485
   826   0.0408   0.0485
   827   0.0408   0.0486
   828   0.0408   0.0486
   829   0.0408   0.0486
   830   0.0408   0.0485
   831   0.0408   0.0485
   832   0.0408   0.0486
   833   0.0408   0.0485
   834   0.0408   0.0486
   835   0.0408   0.0486
   836   0.0408   0.0486
   837   0.0408   0.0486
   838   0.0408   0.0486
   839   0.0408   0.0486
   840   0.0408   0.0486
   841   0.0408   0.0486
   842   0.0408   0.0486
   843   0.0408   0.0486
   844   0.0408   0.0486
   845   0.0408   0.0485
   846   0.0408   0.0485
   847   0.0408   0.0485
   848   0.0408   0.0485
   849   0.0408   0.0485
   850   0.0408   0.0485
   851   0.0408   0.0485
   852   0.0408   0.0485
   853   0.0408   0.0486
   854   0.0408   0.0486
   855   0.0408   0.0486
   856   0.0408   0.0486
   857   0.0408   0.0486
   858   0.0408   0.0486
   859   0.0408   0.0486
   860   0.0408   0.0485
   861   0.0408   0.0485
   862   0.0408   0.0485
   863   0.0408   0.0485
   864   0.0408   0.0485
   865   0.0408   0.0485
   866   0.0408   0.0485
   867   0.0408   0.0485
   868   0.0408   0.0485
   869   0.0408   0.0485
   870   0.0408   0.0485
   871   0.0408   0.0485
   872   0.0408   0.0485
   873   0.0408   0.0485
   874   0.0408   0.0484
   875   0.0408   0.0484
   876   0.0408   0.0484
   877   0.0408   0.0484
   878   0.0408   0.0484
   879   0.0408   0.0485
   880   0.0408   0.0485
   881   0.0408   0.0485
   882   0.0408   0.0485
   883   0.0408   0.0485
   884   0.0408   0.0485
   885   0.0408   0.0484
   886   0.0408   0.0484
   887   0.0408   0.0484
   888   0.0408   0.0484
   889   0.0408   0.0484
   890   0.0408   0.0484
   891   0.0408   0.0484
   892   0.0408   0.0484
   893   0.0408   0.0484
   894   0.0408   0.0484
   895   0.0408   0.0485
   896   0.0408   0.0485
   897   0.0408   0.0485
   898   0.0408   0.0485
   899   0.0408   0.0485
   900   0.0408   0.0485
   901   0.0408   0.0485
   902   0.0408   0.0486
   903   0.0408   0.0486
   904   0.0408   0.0486
   905   0.0408   0.0486
   906   0.0408   0.0485
   907   0.0408   0.0485
   908   0.0408   0.0485
   909   0.0408   0.0484
   910   0.0408   0.0484
   911   0.0408   0.0484
   912   0.0408   0.0485
   913   0.0408   0.0485
   914   0.0408   0.0485
   915   0.0408   0.0485
   916   0.0408   0.0486
   917   0.0408   0.0486
   918   0.0408   0.0486
   919   0.0408   0.0486
   920   0.0408   0.0486
   921   0.0408   0.0486
   922   0.0408   0.0486
   923   0.0408   0.0486
   924   0.0408   0.0486
   925   0.0408   0.0486
   926   0.0408   0.0486
   927   0.0408   0.0486
   928   0.0408   0.0486
   929   0.0408   0.0485
   930   0.0408   0.0485
   931   0.0408   0.0485
   932   0.0408   0.0485
   933   0.0408   0.0485
   934   0.0408   0.0485
   935   0.0408   0.0486
   936   0.0408   0.0486
   937   0.0408   0.0486
   938   0.0408   0.0486
   939   0.0408   0.0487
   940   0.0408   0.0487
   941   0.0408   0.0487
   942   0.0408   0.0487
   943   0.0408   0.0487
   944   0.0408   0.0486
   945   0.0408   0.0486
   946   0.0408   0.0485
   947   0.0408   0.0485
   948   0.0408   0.0485
   949   0.0408   0.0486
   950   0.0408   0.0486
   951   0.0408   0.0486
   952   0.0408   0.0486
   953   0.0408   0.0486
   954   0.0408   0.0486
   955   0.0408   0.0486
   956   0.0408   0.0486
   957   0.0408   0.0486
   958   0.0408   0.0486
   959   0.0408   0.0486
   960   0.0408   0.0487
   961   0.0408   0.0486
   962   0.0408   0.0486
   963   0.0408   0.0486
   964   0.0408   0.0486
   965   0.0408   0.0486
   966   0.0408   0.0486
   967   0.0408   0.0486
   968   0.0408   0.0486
   969   0.0408   0.0486
   970   0.0408   0.0486
   971   0.0408   0.0486
   972   0.0408   0.0486
   973   0.0408   0.0486
   974   0.0408   0.0486
   975   0.0408   0.0486
   976   0.0408   0.0485
   977   0.0408   0.0485
   978   0.0408   0.0485
   979   0.0408   0.0485
   980   0.0408   0.0484
   981   0.0408   0.0485
   982   0.0408   0.0485
   983   0.0408   0.0485
   984   0.0408   0.0485
   985   0.0408   0.0485
   986   0.0408   0.0485
   987   0.0408   0.0485
   988   0.0408   0.0485
   989   0.0408   0.0485
   990   0.0408   0.0485
   991   0.0408   0.0485
   992   0.0408   0.0485
   993   0.0408   0.0485
   994   0.0408   0.0485
   995   0.0408   0.0484
   996   0.0408   0.0484
   997   0.0408   0.0484
   998   0.0408   0.0484
   999   0.0408   0.0484
  1000   0.0408   0.0484
