#     it    Ltra    Lval
     1   0.3395   0.3928
     2   0.3298   0.3805
     3   0.3210   0.3622
     4   0.3146   0.3619
     5   0.3138   0.3614
     6   0.3113   0.3618
     7   0.3092   0.3642
     8   0.3057   0.3682
     9   0.3024   0.3697
    10   0.2994   0.3703
    11   0.2959   0.3705
    12   0.2949   0.3738
    13   0.2926   0.3784
    14   0.2900   0.3743
    15   0.2862   0.3657
    16   0.2839   0.3652
    17   0.2819   0.3582
    18   0.2809   0.3617
    19   0.2775   0.3532
    20   0.2736   0.3416
    21   0.2669   0.3432
    22   0.2625   0.3477
    23   0.2571   0.3575
    24   0.2529   0.3582
    25   0.2436   0.3476
    26   0.2400   0.3228
    27   0.2343   0.3203
    28   0.2323   0.3236
    29   0.2292   0.3254
    30   0.2265   0.3224
    31   0.2236   0.3193
    32   0.2175   0.3072
    33   0.2103   0.2908
    34   0.2054   0.2835
    35   0.1971   0.2798
    36   0.1912   0.2811
    37   0.1852   0.2694
    38   0.1768   0.2500
    39   0.1694   0.2354
    40   0.1628   0.2214
    41   0.1555   0.2041
    42   0.1539   0.2058
    43   0.1452   0.1975
    44   0.1418   0.1926
    45   0.1404   0.1907
    46   0.1375   0.1869
    47   0.1333   0.1820
    48   0.1286   0.1739
    49   0.1237   0.1634
    50   0.1201   0.1588
    51   0.1164   0.1523
    52   0.1136   0.1486
    53   0.1107   0.1448
    54   0.1082   0.1404
    55   0.1065   0.1356
    56   0.1048   0.1351
    57   0.1039   0.1336
    58   0.1021   0.1288
    59   0.1014   0.1260
    60   0.1001   0.1233
    61   0.0998   0.1230
    62   0.0987   0.1202
    63   0.0979   0.1193
    64   0.0967   0.1159
    65   0.0950   0.1119
    66   0.0937   0.1081
    67   0.0921   0.1085
    68   0.0901   0.1042
    69   0.0881   0.1003
    70   0.0858   0.0969
    71   0.0839   0.0959
    72   0.0828   0.0938
    73   0.0817   0.0924
    74   0.0798   0.0892
    75   0.0786   0.0870
    76   0.0771   0.0861
    77   0.0766   0.0835
    78   0.0763   0.0824
    79   0.0762   0.0838
    80   0.0750   0.0813
    81   0.0745   0.0801
    82   0.0740   0.0794
    83   0.0736   0.0792
    84   0.0731   0.0784
    85   0.0728   0.0785
    86   0.0726   0.0782
    87   0.0725   0.0766
    88   0.0723   0.0775
    89   0.0723   0.0773
    90   0.0721   0.0769
    91   0.0720   0.0768
    92   0.0717   0.0761
    93   0.0716   0.0757
    94   0.0715   0.0749
    95   0.0714   0.0746
    96   0.0711   0.0741
    97   0.0710   0.0737
    98   0.0709   0.0734
    99   0.0708   0.0736
   100   0.0708   0.0730
   101   0.0708   0.0730
   102   0.0707   0.0729
   103   0.0706   0.0726
   104   0.0704   0.0721
   105   0.0704   0.0720
   106   0.0702   0.0718
   107   0.0702   0.0718
   108   0.0700   0.0719
   109   0.0699   0.0724
   110   0.0698   0.0728
   111   0.0697   0.0721
   112   0.0697   0.0722
   113   0.0696   0.0721
   114   0.0694   0.0721
   115   0.0693   0.0713
   116   0.0692   0.0715
   117   0.0690   0.0715
   118   0.0688   0.0718
   119   0.0686   0.0742
   120   0.0684   0.0743
   121   0.0682   0.0770
   122   0.0680   0.0765
   123   0.0679   0.0769
   124   0.0678   0.0766
   125   0.0678   0.0801
   126   0.0676   0.0784
   127   0.0674   0.0775
   128   0.0671   0.0784
   129   0.0669   0.0815
   130   0.0667   0.0810
   131   0.0660   0.0815
   132   0.0660   0.0782
   133   0.0655   0.0807
   134   0.0653   0.0843
   135   0.0651   0.0828
   136   0.0650   0.0832
   137   0.0648   0.0838
   138   0.0644   0.0840
   139   0.0637   0.0846
   140   0.0635   0.0829
   141   0.0633   0.0833
   142   0.0631   0.0833
   143   0.0627   0.0833
   144   0.0624   0.0837
   145   0.0623   0.0827
   146   0.0621   0.0830
   147   0.0620   0.0836
   148   0.0618   0.0845
   149   0.0616   0.0856
   150   0.0614   0.0856
   151   0.0612   0.0860
   152   0.0611   0.0858
   153   0.0610   0.0858
   154   0.0609   0.0857
   155   0.0607   0.0856
   156   0.0606   0.0859
   157   0.0605   0.0858
   158   0.0604   0.0867
   159   0.0602   0.0868
   160   0.0599   0.0868
   161   0.0597   0.0865
   162   0.0596   0.0862
   163   0.0594   0.0859
   164   0.0592   0.0857
   165   0.0590   0.0859
   166   0.0588   0.0862
   167   0.0587   0.0870
   168   0.0586   0.0872
   169   0.0585   0.0877
   170   0.0583   0.0875
   171   0.0582   0.0882
   172   0.0581   0.0887
   173   0.0581   0.0888
   174   0.0580   0.0889
   175   0.0578   0.0892
   176   0.0577   0.0891
   177   0.0577   0.0889
   178   0.0575   0.0889
   179   0.0574   0.0897
   180   0.0572   0.0910
   181   0.0571   0.0921
   182   0.0571   0.0926
   183   0.0570   0.0932
   184   0.0570   0.0929
   185   0.0569   0.0926
   186   0.0568   0.0925
   187   0.0567   0.0928
   188   0.0566   0.0928
   189   0.0564   0.0946
   190   0.0564   0.0949
   191   0.0563   0.0956
   192   0.0562   0.0958
   193   0.0561   0.0968
   194   0.0561   0.0963
   195   0.0560   0.0959
   196   0.0560   0.0956
   197   0.0560   0.0957
   198   0.0559   0.0961
   199   0.0559   0.0963
   200   0.0558   0.0968
   201   0.0558   0.0977
   202   0.0557   0.0976
   203   0.0557   0.0975
   204   0.0557   0.0974
   205   0.0556   0.0972
   206   0.0556   0.0973
   207   0.0556   0.0973
   208   0.0555   0.0972
   209   0.0555   0.0974
   210   0.0555   0.0973
   211   0.0555   0.0972
   212   0.0554   0.0971
   213   0.0554   0.0969
   214   0.0554   0.0963
   215   0.0554   0.0963
   216   0.0553   0.0964
   217   0.0553   0.0964
   218   0.0553   0.0963
   219   0.0552   0.0965
   220   0.0552   0.0963
   221   0.0552   0.0963
   222   0.0552   0.0962
   223   0.0551   0.0957
   224   0.0551   0.0953
   225   0.0551   0.0949
   226   0.0551   0.0948
   227   0.0550   0.0950
   228   0.0550   0.0950
   229   0.0550   0.0952
   230   0.0550   0.0953
   231   0.0549   0.0956
   232   0.0549   0.0954
   233   0.0549   0.0954
   234   0.0549   0.0953
   235   0.0549   0.0950
   236   0.0549   0.0951
   237   0.0549   0.0951
   238   0.0549   0.0951
   239   0.0548   0.0953
   240   0.0548   0.0952
   241   0.0548   0.0952
   242   0.0548   0.0952
   243   0.0548   0.0951
   244   0.0548   0.0949
   245   0.0548   0.0947
   246   0.0548   0.0945
   247   0.0548   0.0945
   248   0.0548   0.0946
   249   0.0548   0.0945
   250   0.0548   0.0946
   251   0.0548   0.0946
   252   0.0547   0.0946
   253   0.0547   0.0946
   254   0.0547   0.0947
   255   0.0547   0.0946
   256   0.0547   0.0945
   257   0.0547   0.0942
   258   0.0547   0.0943
   259   0.0547   0.0941
   260   0.0547   0.0940
   261   0.0547   0.0940
   262   0.0547   0.0941
   263   0.0547   0.0941
   264   0.0547   0.0942
   265   0.0547   0.0943
   266   0.0547   0.0943
   267   0.0547   0.0941
   268   0.0546   0.0941
   269   0.0546   0.0941
   270   0.0546   0.0940
   271   0.0546   0.0940
   272   0.0546   0.0940
   273   0.0546   0.0939
   274   0.0546   0.0939
   275   0.0546   0.0938
   276   0.0546   0.0939
   277   0.0546   0.0939
   278   0.0546   0.0939
   279   0.0546   0.0938
   280   0.0546   0.0938
   281   0.0546   0.0938
   282   0.0546   0.0938
   283   0.0546   0.0938
   284   0.0546   0.0938
   285   0.0546   0.0940
   286   0.0546   0.0941
   287   0.0546   0.0941
   288   0.0546   0.0939
   289   0.0546   0.0938
   290   0.0546   0.0937
   291   0.0546   0.0937
   292   0.0546   0.0936
   293   0.0546   0.0936
   294   0.0546   0.0937
   295   0.0545   0.0939
   296   0.0545   0.0938
   297   0.0545   0.0938
   298   0.0545   0.0937
   299   0.0545   0.0936
   300   0.0545   0.0938
   301   0.0545   0.0937
   302   0.0545   0.0937
   303   0.0545   0.0938
   304   0.0545   0.0937
   305   0.0545   0.0938
   306   0.0545   0.0938
   307   0.0545   0.0937
   308   0.0545   0.0937
   309   0.0545   0.0937
   310   0.0545   0.0939
   311   0.0545   0.0940
   312   0.0545   0.0939
   313   0.0545   0.0940
   314   0.0545   0.0940
   315   0.0545   0.0940
   316   0.0545   0.0940
   317   0.0545   0.0941
   318   0.0545   0.0941
   319   0.0545   0.0943
   320   0.0545   0.0943
   321   0.0545   0.0943
   322   0.0545   0.0943
   323   0.0545   0.0943
   324   0.0545   0.0942
   325   0.0545   0.0942
   326   0.0545   0.0943
   327   0.0545   0.0943
   328   0.0545   0.0943
   329   0.0545   0.0943
   330   0.0545   0.0942
   331   0.0545   0.0943
   332   0.0545   0.0942
   333   0.0545   0.0942
   334   0.0545   0.0942
   335   0.0545   0.0942
   336   0.0545   0.0942
   337   0.0545   0.0942
   338   0.0545   0.0942
   339   0.0545   0.0942
   340   0.0545   0.0942
   341   0.0545   0.0942
   342   0.0545   0.0942
   343   0.0545   0.0943
   344   0.0545   0.0943
   345   0.0545   0.0943
   346   0.0545   0.0944
   347   0.0545   0.0944
   348   0.0545   0.0944
   349   0.0545   0.0945
   350   0.0545   0.0945
   351   0.0545   0.0945
   352   0.0545   0.0945
   353   0.0545   0.0945
   354   0.0545   0.0945
   355   0.0545   0.0945
   356   0.0545   0.0945
   357   0.0545   0.0946
   358   0.0545   0.0946
   359   0.0545   0.0947
   360   0.0545   0.0947
   361   0.0545   0.0947
   362   0.0545   0.0947
   363   0.0545   0.0947
   364   0.0545   0.0948
   365   0.0545   0.0948
   366   0.0545   0.0949
   367   0.0545   0.0949
   368   0.0545   0.0950
   369   0.0545   0.0951
   370   0.0545   0.0950
   371   0.0544   0.0950
   372   0.0544   0.0950
   373   0.0544   0.0951
   374   0.0544   0.0951
   375   0.0544   0.0951
   376   0.0544   0.0951
   377   0.0544   0.0952
   378   0.0544   0.0952
   379   0.0544   0.0952
   380   0.0544   0.0952
   381   0.0544   0.0951
   382   0.0544   0.0951
   383   0.0544   0.0951
   384   0.0544   0.0952
   385   0.0544   0.0952
   386   0.0544   0.0952
   387   0.0544   0.0952
   388   0.0544   0.0952
   389   0.0544   0.0952
   390   0.0544   0.0952
   391   0.0544   0.0952
   392   0.0544   0.0952
   393   0.0544   0.0952
   394   0.0544   0.0952
   395   0.0544   0.0952
   396   0.0544   0.0952
   397   0.0544   0.0952
   398   0.0544   0.0952
   399   0.0544   0.0951
   400   0.0544   0.0951
   401   0.0544   0.0951
   402   0.0544   0.0950
   403   0.0544   0.0950
   404   0.0544   0.0950
   405   0.0544   0.0950
   406   0.0544   0.0949
   407   0.0544   0.0949
   408   0.0544   0.0950
   409   0.0544   0.0950
   410   0.0544   0.0950
   411   0.0544   0.0950
   412   0.0544   0.0950
   413   0.0544   0.0949
   414   0.0544   0.0949
   415   0.0544   0.0949
   416   0.0544   0.0949
   417   0.0544   0.0949
   418   0.0544   0.0949
   419   0.0544   0.0949
   420   0.0544   0.0949
   421   0.0544   0.0949
   422   0.0544   0.0949
   423   0.0544   0.0949
   424   0.0544   0.0949
   425   0.0544   0.0949
   426   0.0544   0.0949
   427   0.0544   0.0949
   428   0.0544   0.0949
   429   0.0544   0.0949
   430   0.0544   0.0949
   431   0.0544   0.0948
   432   0.0544   0.0948
   433   0.0544   0.0948
   434   0.0544   0.0948
   435   0.0544   0.0948
   436   0.0544   0.0948
   437   0.0544   0.0947
   438   0.0544   0.0947
   439   0.0544   0.0947
   440   0.0544   0.0947
   441   0.0544   0.0947
   442   0.0544   0.0947
   443   0.0544   0.0946
   444   0.0544   0.0946
   445   0.0544   0.0946
   446   0.0544   0.0946
   447   0.0544   0.0945
   448   0.0544   0.0945
   449   0.0544   0.0945
   450   0.0544   0.0945
   451   0.0544   0.0945
   452   0.0544   0.0945
   453   0.0544   0.0945
   454   0.0544   0.0945
   455   0.0544   0.0944
   456   0.0544   0.0944
   457   0.0544   0.0944
   458   0.0544   0.0944
   459   0.0544   0.0944
   460   0.0544   0.0943
   461   0.0544   0.0943
   462   0.0544   0.0943
   463   0.0544   0.0943
   464   0.0544   0.0943
   465   0.0544   0.0944
   466   0.0544   0.0944
   467   0.0544   0.0943
   468   0.0544   0.0943
   469   0.0544   0.0943
   470   0.0544   0.0943
   471   0.0544   0.0943
   472   0.0544   0.0943
   473   0.0544   0.0943
   474   0.0544   0.0943
   475   0.0544   0.0943
   476   0.0544   0.0943
   477   0.0544   0.0942
   478   0.0544   0.0942
   479   0.0544   0.0942
   480   0.0544   0.0942
   481   0.0544   0.0942
   482   0.0544   0.0941
   483   0.0544   0.0942
   484   0.0544   0.0942
   485   0.0544   0.0942
   486   0.0544   0.0942
   487   0.0544   0.0942
   488   0.0544   0.0942
   489   0.0544   0.0941
   490   0.0544   0.0941
   491   0.0544   0.0941
   492   0.0544   0.0941
   493   0.0544   0.0941
