#     it    Ltra    Lval
     1   0.3395   0.3928
     2   0.3298   0.3805
     3   0.3210   0.3622
     4   0.3146   0.3619
     5   0.3138   0.3614
     6   0.3113   0.3618
     7   0.3092   0.3642
     8   0.3057   0.3682
     9   0.3024   0.3697
    10   0.2994   0.3703
    11   0.2959   0.3705
    12   0.2949   0.3738
    13   0.2926   0.3784
    14   0.2900   0.3743
    15   0.2862   0.3657
    16   0.2839   0.3652
    17   0.2819   0.3582
    18   0.2809   0.3617
    19   0.2775   0.3532
    20   0.2736   0.3416
    21   0.2669   0.3432
    22   0.2625   0.3477
    23   0.2571   0.3575
    24   0.2529   0.3582
    25   0.2436   0.3476
    26   0.2400   0.3228
    27   0.2343   0.3203
    28   0.2323   0.3236
    29   0.2292   0.3254
    30   0.2265   0.3224
    31   0.2236   0.3193
    32   0.2175   0.3072
    33   0.2103   0.2908
    34   0.2055   0.2836
    35   0.1971   0.2799
    36   0.1912   0.2810
    37   0.1851   0.2691
    38   0.1766   0.2498
    39   0.1692   0.2348
    40   0.1626   0.2206
    41   0.1564   0.2050
    42   0.1529   0.2021
    43   0.1458   0.1997
    44   0.1416   0.1936
    45   0.1396   0.1900
    46   0.1373   0.1858
    47   0.1329   0.1792
    48   0.1273   0.1684
    49   0.1229   0.1618
    50   0.1171   0.1519
    51   0.1141   0.1476
    52   0.1114   0.1450
    53   0.1095   0.1412
    54   0.1083   0.1394
    55   0.1057   0.1347
    56   0.1045   0.1308
    57   0.1027   0.1293
    58   0.1017   0.1265
    59   0.1007   0.1238
    60   0.0992   0.1196
    61   0.0977   0.1161
    62   0.0955   0.1111
    63   0.0942   0.1101
    64   0.0930   0.1066
    65   0.0916   0.1053
    66   0.0893   0.1034
    67   0.0869   0.0984
    68   0.0859   0.0985
    69   0.0838   0.0964
    70   0.0823   0.0933
    71   0.0804   0.0904
    72   0.0791   0.0851
    73   0.0780   0.0872
    74   0.0776   0.0865
    75   0.0764   0.0834
    76   0.0756   0.0814
    77   0.0750   0.0825
    78   0.0748   0.0814
    79   0.0746   0.0809
    80   0.0742   0.0799
    81   0.0740   0.0796
    82   0.0736   0.0796
    83   0.0733   0.0788
    84   0.0732   0.0788
    85   0.0730   0.0772
    86   0.0729   0.0772
    87   0.0727   0.0770
    88   0.0723   0.0771
    89   0.0722   0.0773
    90   0.0719   0.0770
    91   0.0717   0.0764
    92   0.0715   0.0753
    93   0.0714   0.0750
    94   0.0712   0.0746
    95   0.0711   0.0744
    96   0.0710   0.0737
    97   0.0709   0.0738
    98   0.0708   0.0735
    99   0.0706   0.0733
   100   0.0704   0.0725
   101   0.0702   0.0723
   102   0.0701   0.0716
   103   0.0701   0.0718
   104   0.0700   0.0718
   105   0.0699   0.0718
   106   0.0698   0.0716
   107   0.0698   0.0722
   108   0.0697   0.0718
   109   0.0697   0.0717
   110   0.0696   0.0716
   111   0.0694   0.0719
   112   0.0692   0.0734
   113   0.0691   0.0729
   114   0.0690   0.0725
   115   0.0689   0.0731
   116   0.0688   0.0731
   117   0.0687   0.0738
   118   0.0685   0.0745
   119   0.0683   0.0761
   120   0.0680   0.0760
   121   0.0678   0.0762
   122   0.0678   0.0751
   123   0.0676   0.0760
   124   0.0674   0.0772
   125   0.0672   0.0775
   126   0.0672   0.0783
   127   0.0670   0.0786
   128   0.0667   0.0803
   129   0.0666   0.0791
   130   0.0664   0.0813
   131   0.0661   0.0834
   132   0.0658   0.0835
   133   0.0654   0.0859
   134   0.0650   0.0844
   135   0.0647   0.0846
   136   0.0645   0.0845
   137   0.0643   0.0859
   138   0.0641   0.0859
   139   0.0639   0.0860
   140   0.0632   0.0889
   141   0.0629   0.0865
   142   0.0628   0.0875
   143   0.0626   0.0873
   144   0.0624   0.0873
   145   0.0621   0.0870
   146   0.0617   0.0875
   147   0.0613   0.0882
   148   0.0610   0.0880
   149   0.0608   0.0872
   150   0.0607   0.0882
   151   0.0606   0.0884
   152   0.0604   0.0881
   153   0.0603   0.0877
   154   0.0601   0.0864
   155   0.0600   0.0861
   156   0.0598   0.0861
   157   0.0596   0.0865
   158   0.0593   0.0872
   159   0.0592   0.0893
   160   0.0589   0.0884
   161   0.0588   0.0879
   162   0.0586   0.0874
   163   0.0583   0.0871
   164   0.0582   0.0873
   165   0.0580   0.0882
   166   0.0579   0.0882
   167   0.0578   0.0889
   168   0.0576   0.0885
   169   0.0575   0.0893
   170   0.0574   0.0894
   171   0.0573   0.0898
   172   0.0572   0.0901
   173   0.0572   0.0904
   174   0.0571   0.0905
   175   0.0570   0.0908
   176   0.0570   0.0911
   177   0.0569   0.0907
   178   0.0569   0.0903
   179   0.0568   0.0903
   180   0.0567   0.0906
   181   0.0567   0.0916
   182   0.0566   0.0923
   183   0.0565   0.0926
   184   0.0565   0.0926
   185   0.0564   0.0926
   186   0.0562   0.0926
   187   0.0561   0.0932
   188   0.0560   0.0931
   189   0.0560   0.0931
   190   0.0559   0.0932
   191   0.0559   0.0944
   192   0.0558   0.0953
   193   0.0558   0.0953
   194   0.0557   0.0955
   195   0.0557   0.0961
   196   0.0556   0.0965
   197   0.0556   0.0965
   198   0.0556   0.0962
   199   0.0555   0.0959
   200   0.0555   0.0957
   201   0.0555   0.0956
   202   0.0554   0.0957
   203   0.0554   0.0958
   204   0.0554   0.0959
   205   0.0554   0.0956
   206   0.0553   0.0954
   207   0.0553   0.0954
   208   0.0553   0.0953
   209   0.0553   0.0953
   210   0.0553   0.0955
   211   0.0552   0.0953
   212   0.0552   0.0954
   213   0.0552   0.0955
   214   0.0552   0.0955
   215   0.0552   0.0955
   216   0.0552   0.0951
   217   0.0552   0.0949
   218   0.0551   0.0945
   219   0.0551   0.0943
   220   0.0551   0.0943
   221   0.0551   0.0945
   222   0.0550   0.0952
   223   0.0550   0.0954
   224   0.0550   0.0956
   225   0.0550   0.0956
   226   0.0550   0.0955
   227   0.0549   0.0954
   228   0.0549   0.0957
   229   0.0549   0.0953
   230   0.0549   0.0952
   231   0.0549   0.0952
   232   0.0548   0.0953
   233   0.0548   0.0953
   234   0.0548   0.0950
   235   0.0548   0.0952
   236   0.0548   0.0951
   237   0.0548   0.0951
   238   0.0548   0.0948
   239   0.0548   0.0947
   240   0.0548   0.0945
   241   0.0547   0.0946
   242   0.0547   0.0946
   243   0.0547   0.0948
   244   0.0547   0.0947
   245   0.0547   0.0947
   246   0.0547   0.0945
   247   0.0547   0.0944
   248   0.0547   0.0942
   249   0.0547   0.0941
   250   0.0547   0.0941
   251   0.0547   0.0941
   252   0.0547   0.0943
   253   0.0547   0.0943
   254   0.0547   0.0945
   255   0.0546   0.0946
   256   0.0546   0.0946
   257   0.0546   0.0946
   258   0.0546   0.0945
   259   0.0546   0.0944
   260   0.0546   0.0945
   261   0.0546   0.0945
   262   0.0546   0.0945
   263   0.0546   0.0946
   264   0.0546   0.0946
   265   0.0546   0.0945
   266   0.0546   0.0944
   267   0.0546   0.0943
   268   0.0546   0.0942
   269   0.0546   0.0941
   270   0.0546   0.0940
   271   0.0546   0.0940
   272   0.0546   0.0941
   273   0.0546   0.0942
   274   0.0546   0.0944
   275   0.0546   0.0944
   276   0.0546   0.0944
   277   0.0546   0.0943
   278   0.0546   0.0942
   279   0.0546   0.0942
   280   0.0545   0.0941
   281   0.0545   0.0941
   282   0.0545   0.0942
   283   0.0545   0.0942
   284   0.0545   0.0943
   285   0.0545   0.0943
   286   0.0545   0.0944
   287   0.0545   0.0944
   288   0.0545   0.0944
   289   0.0545   0.0944
   290   0.0545   0.0944
   291   0.0545   0.0943
   292   0.0545   0.0944
   293   0.0545   0.0944
   294   0.0545   0.0944
   295   0.0545   0.0943
   296   0.0545   0.0944
   297   0.0545   0.0943
   298   0.0545   0.0942
   299   0.0545   0.0942
   300   0.0545   0.0942
   301   0.0545   0.0943
   302   0.0545   0.0945
   303   0.0545   0.0945
   304   0.0545   0.0945
   305   0.0545   0.0946
   306   0.0545   0.0945
   307   0.0545   0.0945
   308   0.0545   0.0944
   309   0.0545   0.0944
   310   0.0545   0.0944
   311   0.0545   0.0945
   312   0.0545   0.0945
   313   0.0545   0.0945
   314   0.0545   0.0944
   315   0.0545   0.0944
   316   0.0545   0.0944
   317   0.0545   0.0943
   318   0.0545   0.0943
   319   0.0545   0.0943
   320   0.0545   0.0944
   321   0.0545   0.0944
   322   0.0545   0.0945
   323   0.0545   0.0945
   324   0.0545   0.0945
   325   0.0545   0.0945
   326   0.0545   0.0945
   327   0.0545   0.0945
   328   0.0545   0.0944
   329   0.0545   0.0945
   330   0.0545   0.0945
   331   0.0545   0.0945
   332   0.0545   0.0945
   333   0.0545   0.0945
   334   0.0545   0.0945
   335   0.0545   0.0945
   336   0.0545   0.0944
   337   0.0545   0.0944
   338   0.0545   0.0944
   339   0.0545   0.0944
   340   0.0545   0.0944
   341   0.0545   0.0945
   342   0.0545   0.0945
   343   0.0545   0.0946
   344   0.0545   0.0946
   345   0.0545   0.0946
   346   0.0545   0.0946
   347   0.0545   0.0946
   348   0.0545   0.0947
   349   0.0545   0.0947
   350   0.0545   0.0948
   351   0.0545   0.0947
   352   0.0545   0.0947
   353   0.0545   0.0947
   354   0.0545   0.0947
   355   0.0545   0.0947
   356   0.0545   0.0947
   357   0.0545   0.0947
   358   0.0545   0.0948
   359   0.0545   0.0948
   360   0.0545   0.0948
   361   0.0544   0.0948
   362   0.0544   0.0948
   363   0.0544   0.0948
   364   0.0544   0.0948
   365   0.0544   0.0947
   366   0.0544   0.0947
   367   0.0544   0.0947
   368   0.0544   0.0947
   369   0.0544   0.0947
   370   0.0544   0.0947
   371   0.0544   0.0947
   372   0.0544   0.0947
   373   0.0544   0.0947
   374   0.0544   0.0947
   375   0.0544   0.0947
   376   0.0544   0.0947
   377   0.0544   0.0947
   378   0.0544   0.0947
   379   0.0544   0.0947
   380   0.0544   0.0947
   381   0.0544   0.0947
   382   0.0544   0.0947
   383   0.0544   0.0947
   384   0.0544   0.0947
   385   0.0544   0.0947
   386   0.0544   0.0947
   387   0.0544   0.0947
   388   0.0544   0.0946
   389   0.0544   0.0946
   390   0.0544   0.0946
   391   0.0544   0.0946
   392   0.0544   0.0946
   393   0.0544   0.0946
   394   0.0544   0.0946
   395   0.0544   0.0946
   396   0.0544   0.0946
   397   0.0544   0.0946
   398   0.0544   0.0946
   399   0.0544   0.0946
   400   0.0544   0.0946
   401   0.0544   0.0946
   402   0.0544   0.0945
   403   0.0544   0.0945
   404   0.0544   0.0945
   405   0.0544   0.0945
   406   0.0544   0.0945
   407   0.0544   0.0945
   408   0.0544   0.0945
   409   0.0544   0.0945
   410   0.0544   0.0946
   411   0.0544   0.0946
   412   0.0544   0.0945
   413   0.0544   0.0945
   414   0.0544   0.0945
   415   0.0544   0.0945
   416   0.0544   0.0945
   417   0.0544   0.0945
   418   0.0544   0.0945
   419   0.0544   0.0945
   420   0.0544   0.0945
   421   0.0544   0.0945
   422   0.0544   0.0945
   423   0.0544   0.0945
   424   0.0544   0.0945
   425   0.0544   0.0945
   426   0.0544   0.0945
   427   0.0544   0.0945
   428   0.0544   0.0945
   429   0.0544   0.0945
   430   0.0544   0.0946
   431   0.0544   0.0945
   432   0.0544   0.0945
   433   0.0544   0.0945
   434   0.0544   0.0945
   435   0.0544   0.0945
   436   0.0544   0.0945
   437   0.0544   0.0945
   438   0.0544   0.0945
   439   0.0544   0.0946
   440   0.0544   0.0946
   441   0.0544   0.0946
   442   0.0544   0.0946
   443   0.0544   0.0946
   444   0.0544   0.0946
   445   0.0544   0.0946
   446   0.0544   0.0946
   447   0.0544   0.0946
   448   0.0544   0.0946
   449   0.0544   0.0946
   450   0.0544   0.0946
   451   0.0544   0.0946
   452   0.0544   0.0946
   453   0.0544   0.0946
   454   0.0544   0.0946
   455   0.0544   0.0946
   456   0.0544   0.0946
   457   0.0544   0.0946
   458   0.0544   0.0946
   459   0.0544   0.0946
   460   0.0544   0.0946
   461   0.0544   0.0946
   462   0.0544   0.0946
   463   0.0544   0.0946
   464   0.0544   0.0946
   465   0.0544   0.0946
   466   0.0544   0.0946
   467   0.0544   0.0946
   468   0.0544   0.0946
   469   0.0544   0.0946
   470   0.0544   0.0946
   471   0.0544   0.0946
   472   0.0544   0.0946
   473   0.0544   0.0946
   474   0.0544   0.0946
   475   0.0544   0.0946
   476   0.0544   0.0946
   477   0.0544   0.0945
   478   0.0544   0.0945
   479   0.0544   0.0945
   480   0.0544   0.0945
   481   0.0544   0.0945
   482   0.0544   0.0945
   483   0.0544   0.0945
   484   0.0544   0.0945
   485   0.0544   0.0945
   486   0.0544   0.0945
   487   0.0544   0.0945
   488   0.0544   0.0945
   489   0.0544   0.0945
   490   0.0544   0.0945
