#     it    Ltra    Lval
     1   0.2425   0.2807
     2   0.2186   0.2328
     3   0.2011   0.1633
     4   0.1967   0.1788
     5   0.1964   0.1765
     6   0.1961   0.1749
     7   0.1960   0.1756
     8   0.1959   0.1762
     9   0.1958   0.1775
    10   0.1955   0.1792
    11   0.1951   0.1808
    12   0.1945   0.1799
    13   0.1937   0.1808
    14   0.1929   0.1734
    15   0.1927   0.1775
    16   0.1922   0.1777
    17   0.1917   0.1781
    18   0.1915   0.1766
    19   0.1913   0.1741
    20   0.1911   0.1737
    21   0.1910   0.1748
    22   0.1906   0.1751
    23   0.1902   0.1737
    24   0.1895   0.1785
    25   0.1892   0.1712
    26   0.1890   0.1697
    27   0.1882   0.1703
    28   0.1878   0.1704
    29   0.1875   0.1690
    30   0.1871   0.1698
    31   0.1865   0.1692
    32   0.1856   0.1743
    33   0.1848   0.1711
    34   0.1841   0.1719
    35   0.1838   0.1558
    36   0.1795   0.1597
    37   0.1787   0.1665
    38   0.1782   0.1658
    39   0.1754   0.1688
    40   0.1745   0.1696
    41   0.1730   0.1660
    42   0.1710   0.1617
    43   0.1690   0.1603
    44   0.1640   0.1576
    45   0.1611   0.1533
    46   0.1561   0.1420
    47   0.1498   0.1332
    48   0.1458   0.1354
    49   0.1438   0.1378
    50   0.1428   0.1406
    51   0.1412   0.1294
    52   0.1402   0.1323
    53   0.1393   0.1282
    54   0.1384   0.1321
    55   0.1378   0.1269
    56   0.1372   0.1280
    57   0.1369   0.1271
    58   0.1362   0.1261
    59   0.1351   0.1271
    60   0.1335   0.1273
    61   0.1320   0.1258
    62   0.1306   0.1270
    63   0.1292   0.1098
    64   0.1280   0.1123
    65   0.1258   0.1157
    66   0.1237   0.1127
    67   0.1222   0.0999
    68   0.1199   0.1048
    69   0.1194   0.1067
    70   0.1185   0.1054
    71   0.1172   0.1044
    72   0.1160   0.0943
    73   0.1150   0.0988
    74   0.1146   0.0974
    75   0.1136   0.0982
    76   0.1131   0.0972
    77   0.1124   0.0953
    78   0.1116   0.0929
    79   0.1114   0.0951
    80   0.1112   0.0949
    81   0.1110   0.0948
    82   0.1108   0.0935
    83   0.1107   0.0955
    84   0.1106   0.0928
    85   0.1104   0.0926
    86   0.1102   0.0926
    87   0.1100   0.0936
    88   0.1097   0.0930
    89   0.1094   0.0931
    90   0.1093   0.0930
    91   0.1091   0.0911
    92   0.1091   0.0942
    93   0.1090   0.0926
    94   0.1090   0.0923
    95   0.1089   0.0918
    96   0.1088   0.0914
    97   0.1087   0.0942
    98   0.1086   0.0927
    99   0.1086   0.0919
   100   0.1085   0.0916
   101   0.1085   0.0909
   102   0.1084   0.0910
   103   0.1084   0.0907
   104   0.1084   0.0911
   105   0.1083   0.0915
   106   0.1083   0.0921
   107   0.1083   0.0922
   108   0.1082   0.0919
   109   0.1082   0.0894
   110   0.1081   0.0904
   111   0.1080   0.0904
   112   0.1080   0.0903
   113   0.1079   0.0899
   114   0.1079   0.0909
   115   0.1078   0.0902
   116   0.1078   0.0899
   117   0.1077   0.0897
   118   0.1076   0.0890
   119   0.1075   0.0905
   120   0.1074   0.0903
   121   0.1073   0.0919
   122   0.1073   0.0904
   123   0.1073   0.0902
   124   0.1073   0.0900
   125   0.1072   0.0893
   126   0.1072   0.0897
   127   0.1072   0.0894
   128   0.1071   0.0893
   129   0.1071   0.0894
   130   0.1071   0.0895
   131   0.1070   0.0889
   132   0.1069   0.0876
   133   0.1068   0.0844
   134   0.1067   0.0845
   135   0.1064   0.0859
   136   0.1061   0.0829
   137   0.1058   0.0822
   138   0.1055   0.0798
   139   0.1053   0.0799
   140   0.1051   0.0797
   141   0.1046   0.0779
   142   0.1045   0.0794
   143   0.1044   0.0791
   144   0.1043   0.0765
   145   0.1041   0.0766
   146   0.1038   0.0764
   147   0.1033   0.0744
   148   0.1031   0.0731
   149   0.1030   0.0700
   150   0.1026   0.0662
   151   0.1022   0.0666
   152   0.1019   0.0670
   153   0.1018   0.0664
   154   0.1017   0.0661
   155   0.1016   0.0662
   156   0.1015   0.0668
   157   0.1013   0.0666
   158   0.1013   0.0663
   159   0.1011   0.0654
   160   0.1011   0.0661
   161   0.1010   0.0653
   162   0.1009   0.0650
   163   0.1008   0.0631
   164   0.1008   0.0632
   165   0.1007   0.0632
   166   0.1007   0.0630
   167   0.1006   0.0631
   168   0.1006   0.0629
   169   0.1005   0.0632
   170   0.1004   0.0627
   171   0.1004   0.0613
   172   0.1003   0.0618
   173   0.1003   0.0619
   174   0.1003   0.0608
   175   0.1003   0.0612
   176   0.1003   0.0614
   177   0.1002   0.0611
   178   0.1002   0.0612
   179   0.1002   0.0620
   180   0.1002   0.0613
   181   0.1002   0.0612
   182   0.1002   0.0612
   183   0.1002   0.0614
   184   0.1002   0.0617
   185   0.1001   0.0617
   186   0.1001   0.0620
   187   0.1001   0.0616
   188   0.1001   0.0611
   189   0.1001   0.0609
   190   0.1001   0.0600
   191   0.1001   0.0606
   192   0.1001   0.0606
   193   0.1001   0.0605
   194   0.1001   0.0604
   195   0.1001   0.0604
   196   0.1000   0.0603
   197   0.1000   0.0601
   198   0.1000   0.0602
   199   0.1000   0.0602
   200   0.1000   0.0602
   201   0.1000   0.0601
   202   0.1000   0.0603
   203   0.1000   0.0603
   204   0.1000   0.0603
   205   0.1000   0.0603
   206   0.1000   0.0603
   207   0.1000   0.0603
   208   0.1000   0.0604
   209   0.1000   0.0604
   210   0.1000   0.0603
   211   0.1000   0.0603
   212   0.1000   0.0602
   213   0.1000   0.0604
   214   0.1000   0.0604
   215   0.1000   0.0604
   216   0.1000   0.0604
   217   0.1000   0.0603
   218   0.1000   0.0603
   219   0.1000   0.0602
   220   0.1000   0.0602
   221   0.1000   0.0602
   222   0.1000   0.0602
   223   0.1000   0.0603
   224   0.1000   0.0602
   225   0.1000   0.0603
   226   0.1000   0.0604
   227   0.1000   0.0603
   228   0.1000   0.0603
   229   0.1000   0.0603
   230   0.1000   0.0602
   231   0.1000   0.0603
   232   0.1000   0.0603
   233   0.1000   0.0603
   234   0.1000   0.0603
   235   0.1000   0.0602
   236   0.1000   0.0603
   237   0.1000   0.0602
   238   0.1000   0.0602
   239   0.1000   0.0601
   240   0.1000   0.0601
   241   0.1000   0.0601
   242   0.1000   0.0602
   243   0.1000   0.0603
   244   0.1000   0.0604
   245   0.1000   0.0604
   246   0.1000   0.0603
   247   0.1000   0.0603
   248   0.1000   0.0601
   249   0.1000   0.0601
   250   0.1000   0.0601
   251   0.1000   0.0604
   252   0.1000   0.0603
   253   0.1000   0.0604
   254   0.1000   0.0604
   255   0.1000   0.0604
   256   0.1000   0.0603
   257   0.1000   0.0603
   258   0.1000   0.0603
   259   0.1000   0.0604
   260   0.1000   0.0602
   261   0.1000   0.0601
   262   0.1000   0.0600
   263   0.1000   0.0601
   264   0.1000   0.0599
   265   0.1000   0.0600
   266   0.1000   0.0602
   267   0.1000   0.0602
   268   0.1000   0.0602
   269   0.1000   0.0602
   270   0.1000   0.0601
   271   0.1000   0.0601
   272   0.1000   0.0601
   273   0.1000   0.0598
   274   0.1000   0.0600
   275   0.1000   0.0600
   276   0.1000   0.0599
   277   0.1000   0.0600
   278   0.1000   0.0599
   279   0.1000   0.0601
   280   0.1000   0.0601
   281   0.1000   0.0600
   282   0.1000   0.0598
   283   0.1000   0.0600
   284   0.1000   0.0596
   285   0.1000   0.0596
   286   0.0999   0.0597
   287   0.0999   0.0599
   288   0.0999   0.0595
   289   0.0999   0.0592
   290   0.0999   0.0591
   291   0.0999   0.0582
   292   0.0998   0.0586
   293   0.0998   0.0587
   294   0.0998   0.0591
   295   0.0997   0.0593
   296   0.0997   0.0599
   297   0.0997   0.0592
   298   0.0996   0.0587
   299   0.0996   0.0584
   300   0.0996   0.0578
   301   0.0996   0.0583
   302   0.0996   0.0573
   303   0.0995   0.0586
   304   0.0995   0.0589
   305   0.0995   0.0591
   306   0.0995   0.0595
   307   0.0994   0.0601
   308   0.0994   0.0606
   309   0.0993   0.0606
   310   0.0993   0.0605
   311   0.0992   0.0610
   312   0.0991   0.0618
   313   0.0990   0.0597
   314   0.0989   0.0618
   315   0.0989   0.0608
   316   0.0987   0.0611
   317   0.0986   0.0614
   318   0.0984   0.0615
   319   0.0979   0.0583
   320   0.0973   0.0567
   321   0.0970   0.0513
   322   0.0969   0.0514
   323   0.0966   0.0528
   324   0.0964   0.0505
   325   0.0963   0.0544
   326   0.0960   0.0505
   327   0.0959   0.0481
   328   0.0958   0.0477
   329   0.0956   0.0458
   330   0.0955   0.0459
   331   0.0955   0.0473
   332   0.0954   0.0466
   333   0.0954   0.0460
   334   0.0952   0.0452
   335   0.0952   0.0451
   336   0.0951   0.0448
   337   0.0950   0.0453
   338   0.0949   0.0441
   339   0.0949   0.0455
   340   0.0949   0.0455
   341   0.0949   0.0458
   342   0.0949   0.0450
   343   0.0948   0.0451
   344   0.0948   0.0447
   345   0.0948   0.0454
   346   0.0948   0.0447
   347   0.0948   0.0445
   348   0.0947   0.0448
   349   0.0947   0.0443
   350   0.0947   0.0446
   351   0.0947   0.0441
   352   0.0947   0.0441
   353   0.0947   0.0450
   354   0.0947   0.0451
   355   0.0946   0.0449
   356   0.0946   0.0438
   357   0.0946   0.0436
   358   0.0946   0.0440
   359   0.0946   0.0444
   360   0.0945   0.0444
   361   0.0945   0.0443
   362   0.0945   0.0436
   363   0.0944   0.0431
   364   0.0944   0.0467
   365   0.0943   0.0450
   366   0.0943   0.0442
   367   0.0943   0.0442
   368   0.0943   0.0442
   369   0.0943   0.0440
   370   0.0942   0.0441
   371   0.0942   0.0446
   372   0.0941   0.0446
   373   0.0941   0.0429
   374   0.0939   0.0419
   375   0.0939   0.0426
   376   0.0939   0.0431
   377   0.0938   0.0425
   378   0.0938   0.0429
   379   0.0937   0.0414
   380   0.0937   0.0406
   381   0.0936   0.0392
   382   0.0936   0.0396
   383   0.0936   0.0402
   384   0.0935   0.0405
   385   0.0935   0.0405
   386   0.0935   0.0411
   387   0.0934   0.0410
   388   0.0933   0.0409
   389   0.0932   0.0405
   390   0.0932   0.0375
   391   0.0931   0.0400
   392   0.0931   0.0395
   393   0.0930   0.0397
   394   0.0930   0.0400
   395   0.0929   0.0389
   396   0.0929   0.0402
   397   0.0928   0.0388
   398   0.0928   0.0389
   399   0.0928   0.0392
   400   0.0928   0.0385
   401   0.0928   0.0383
   402   0.0928   0.0381
   403   0.0927   0.0384
   404   0.0927   0.0386
   405   0.0927   0.0388
   406   0.0927   0.0389
   407   0.0927   0.0392
   408   0.0927   0.0376
   409   0.0927   0.0385
   410   0.0926   0.0384
   411   0.0926   0.0381
   412   0.0926   0.0378
   413   0.0926   0.0377
   414   0.0926   0.0379
   415   0.0926   0.0383
   416   0.0926   0.0388
   417   0.0926   0.0389
   418   0.0926   0.0398
   419   0.0925   0.0398
   420   0.0925   0.0391
   421   0.0925   0.0400
   422   0.0925   0.0381
   423   0.0925   0.0383
   424   0.0925   0.0390
   425   0.0925   0.0395
   426   0.0924   0.0407
   427   0.0923   0.0420
   428   0.0922   0.0402
   429   0.0921   0.0398
   430   0.0920   0.0378
   431   0.0919   0.0390
   432   0.0918   0.0387
   433   0.0916   0.0398
   434   0.0916   0.0375
   435   0.0915   0.0384
   436   0.0915   0.0377
   437   0.0915   0.0373
   438   0.0914   0.0371
   439   0.0914   0.0377
   440   0.0914   0.0372
   441   0.0914   0.0376
   442   0.0914   0.0373
   443   0.0914   0.0372
   444   0.0914   0.0371
   445   0.0914   0.0367
   446   0.0913   0.0373
   447   0.0913   0.0364
   448   0.0913   0.0365
   449   0.0913   0.0367
   450   0.0913   0.0367
   451   0.0913   0.0370
   452   0.0913   0.0366
   453   0.0913   0.0368
   454   0.0913   0.0370
   455   0.0913   0.0371
   456   0.0913   0.0370
   457   0.0913   0.0371
   458   0.0913   0.0370
   459   0.0913   0.0368
   460   0.0913   0.0371
   461   0.0913   0.0366
   462   0.0912   0.0372
   463   0.0912   0.0376
   464   0.0912   0.0380
   465   0.0912   0.0380
   466   0.0912   0.0382
   467   0.0912   0.0378
   468   0.0912   0.0378
   469   0.0912   0.0376
   470   0.0912   0.0379
   471   0.0912   0.0384
   472   0.0912   0.0381
   473   0.0912   0.0384
   474   0.0912   0.0381
   475   0.0912   0.0380
   476   0.0911   0.0383
   477   0.0911   0.0377
   478   0.0911   0.0376
   479   0.0911   0.0379
   480   0.0911   0.0380
   481   0.0911   0.0380
   482   0.0911   0.0378
   483   0.0911   0.0378
   484   0.0911   0.0380
   485   0.0911   0.0375
   486   0.0911   0.0375
   487   0.0911   0.0376
   488   0.0911   0.0378
   489   0.0911   0.0379
   490   0.0911   0.0374
   491   0.0911   0.0379
   492   0.0911   0.0377
   493   0.0911   0.0376
   494   0.0911   0.0376
   495   0.0911   0.0374
   496   0.0911   0.0370
   497   0.0911   0.0370
   498   0.0911   0.0373
   499   0.0911   0.0374
   500   0.0911   0.0375
   501   0.0911   0.0380
   502   0.0911   0.0380
   503   0.0911   0.0379
   504   0.0911   0.0379
   505   0.0910   0.0376
   506   0.0910   0.0378
   507   0.0910   0.0376
   508   0.0910   0.0375
   509   0.0910   0.0374
   510   0.0910   0.0375
   511   0.0910   0.0374
   512   0.0910   0.0379
   513   0.0910   0.0379
   514   0.0910   0.0379
   515   0.0910   0.0378
   516   0.0910   0.0378
   517   0.0910   0.0378
   518   0.0910   0.0378
   519   0.0910   0.0377
   520   0.0910   0.0377
   521   0.0910   0.0376
   522   0.0910   0.0376
   523   0.0910   0.0376
   524   0.0910   0.0379
   525   0.0910   0.0377
   526   0.0910   0.0377
   527   0.0910   0.0377
   528   0.0910   0.0377
   529   0.0910   0.0377
   530   0.0910   0.0378
   531   0.0910   0.0377
   532   0.0910   0.0377
   533   0.0910   0.0377
   534   0.0910   0.0377
   535   0.0910   0.0376
   536   0.0910   0.0377
   537   0.0910   0.0378
   538   0.0910   0.0379
   539   0.0910   0.0379
   540   0.0910   0.0380
   541   0.0910   0.0379
   542   0.0910   0.0379
   543   0.0910   0.0378
   544   0.0910   0.0378
   545   0.0910   0.0378
   546   0.0910   0.0378
   547   0.0910   0.0380
   548   0.0910   0.0379
   549   0.0910   0.0377
   550   0.0910   0.0377
   551   0.0910   0.0376
   552   0.0910   0.0376
   553   0.0910   0.0375
   554   0.0910   0.0376
   555   0.0910   0.0376
   556   0.0910   0.0376
   557   0.0910   0.0376
   558   0.0910   0.0377
   559   0.0910   0.0377
   560   0.0910   0.0377
   561   0.0910   0.0378
   562   0.0910   0.0377
   563   0.0910   0.0376
   564   0.0910   0.0375
   565   0.0910   0.0375
   566   0.0910   0.0375
   567   0.0910   0.0375
   568   0.0910   0.0376
   569   0.0910   0.0376
   570   0.0910   0.0376
   571   0.0910   0.0376
   572   0.0910   0.0376
   573   0.0910   0.0375
   574   0.0910   0.0375
   575   0.0910   0.0376
   576   0.0910   0.0376
   577   0.0910   0.0377
   578   0.0910   0.0376
   579   0.0910   0.0376
