8.091218718839060173e-03
-6.814844681037320745e-03
2.064345300985828691e-03
-7.545366060384499883e-03
-3.026846596182995036e-03
-1.021669953717721166e-02
-4.132711245151004381e-03
-2.525258191958072978e-03
-1.118332515971360089e-02
6.082934360346666913e-04
4.765517609516781595e-04
-3.686643076676191302e-04
-9.757053728989367692e-05
1.865681899883778281e-03
1.039303480334460156e-02
2.600705836881351575e-03
-2.607624993236803252e-04
3.186917607622734294e-03
2.791348951164711393e-05
-1.444298991639483311e-03
-1.078168388319370699e-04
1.015495499130728658e-03
-3.308001271740023037e-04
8.452749704401705221e-04
1.463134898093824726e-04
2.164920577152191789e-03
