-5.136153794428444802e-02
6.037459521716934674e+00
4.469079105966709875e+00
3.318147751164333581e+00
5.029003515251547540e+00
-1.293655522916843659e-01
1.688993244719886322e+00
9.337524408136799181e-01
3.632912852972272955e+00
4.923621865229836914e+00
1.708777499862161875e+00
1.618082648592120698e+00
5.605084612466424865e+00
2.791991861066158709e+00
1.831179364909709673e-01
4.868047863827498212e+00
2.618390138939727940e+00
6.304336214803876182e+00
1.481929717059021989e+00
8.811175126158035109e-01
-4.057695515209418929e-02
1.107503365096011549e+00
4.018283702316788109e+00
4.023451943441169298e+00
4.786006653206713146e+00
5.367240523308674405e+00
