7.966689046504526681e-03
-4.487470744829686123e-03
2.016473415058907780e-03
-7.715795958781868254e-03
-1.544950111698313372e-03
-8.931923993675205953e-03
-3.168432492296197837e-03
-2.024891958068068040e-03
-1.001280230910674661e-02
3.730252317739391095e-03
2.774051507034261399e-03
-7.882380376848341190e-04
-2.946223753777380884e-04
1.807996845854192543e-03
8.450326100180855990e-03
4.811625478116652102e-04
2.994188786005790893e-04
7.829271008812399221e-03
-3.746131185212922673e-04
1.498797358932672059e-03
3.636926541846617232e-04
1.736622631507731473e-03
-1.870069520484048792e-04
-7.584414050408945941e-04
-1.674602328212587178e-03
2.016904851794907964e-03
