-1.552499886624089144e-02
1.036254447050239530e-02
-2.183997682012994278e-03
1.483485372599285292e-02
1.728182651749412234e-03
1.799446447372225408e-02
5.985201872908136288e-03
4.740091452320147579e-03
1.940110619572812944e-02
-7.334444717203786671e-03
-5.628295991132133136e-03
-1.104157442672245790e-03
-3.273297503780467636e-04
-5.768535229240747894e-03
-1.697458793522762036e-02
-9.157376947808884386e-04
-2.269703230522327007e-03
-1.323454839871372572e-02
-4.021364382685970189e-04
-1.592306505062853665e-03
1.182391205788001633e-04
7.608165941541206395e-04
-3.471054931019711305e-03
2.528332811315472036e-05
3.558042380896532606e-03
-4.829742372842067699e-03
