-1.560019970628075819e-02
9.519430561344003131e-03
-5.355962577453159644e-03
1.384148593562379605e-02
7.254659277919162617e-03
1.686678123325223780e-02
7.816055697983829292e-03
5.755046075688086647e-03
1.888948102382767211e-02
-4.834402252599134114e-03
-3.029671323745951762e-03
2.798738085310354534e-03
-1.163668854842492230e-03
-2.413748271325315362e-03
-1.759414963737257129e-02
-3.320758451585730658e-03
7.998131377709044067e-04
-1.333190473970017470e-02
-1.076508618170607260e-03
-9.158773471101158779e-04
-1.214003082645580956e-04
-4.459085997382934707e-03
3.537339897002619122e-04
1.881592982612833188e-03
3.573504115261753183e-03
-6.449233212792351844e-03
