-3.580930609727908751e-03
3.203856106428714084e-03
-1.075508183447846300e-03
3.913271146981795075e-03
1.123474207540030474e-03
4.645262554201900346e-03
1.561887036416216264e-03
1.108770828814626547e-03
5.211412276341597510e-03
-2.050620544845023821e-04
7.454095370242724275e-04
3.638445247780018100e-04
-8.687672819261184082e-05
-3.835807710681944931e-04
-5.360117337232507724e-03
-9.373021628798212761e-04
3.490054055165779418e-04
-1.372828541872859283e-03
1.667123372718773769e-04
1.678376514428343977e-03
3.853871935571147279e-04
-6.758957752587833098e-04
6.355591814686785759e-04
-9.694691387352529248e-04
3.655035045312276013e-04
-7.124395693189156196e-04
