-2.335437931736572548e-02
1.513012565334976613e-02
-6.148607942589686369e-03
2.243832471856870014e-02
5.863755761913353598e-03
2.681966065502672941e-02
9.791895884130137270e-03
7.158090958770202752e-03
2.926360709548735464e-02
-7.840803940674686071e-03
-7.619007895602186720e-03
2.301340183910280043e-03
9.849872034459574485e-05
-7.538405331176859132e-03
-2.763730591456428284e-02
-2.766729063902269650e-03
-1.080800212788442715e-03
-1.873859456637530160e-02
-7.566256005169180125e-04
-1.670060795975015187e-03
3.651282483819148533e-04
-3.174067895919394262e-03
-1.064870905796460937e-03
6.952548135701919771e-04
3.090853374847031196e-03
-8.426106182952766699e-03
