-1.876315116331924923e-02
1.232739826786335285e-02
-8.138804204158132591e-03
1.268619016134862713e-02
1.241254101757880909e-02
1.936497606231415633e-02
1.013681915334371277e-02
4.509355695845838896e-03
2.233711511078266890e-02
-4.542560680268164890e-03
-1.497971801126693914e-03
1.292078730234716552e-03
4.604098619534192330e-04
3.277709414704576413e-03
-1.915497346736686271e-02
-5.148130807991108809e-03
3.626025583325966258e-03
-1.382756810709181994e-02
6.822415602716803843e-04
8.515010301548954150e-03
-6.038764378092517865e-04
-5.053980261099647563e-03
3.107228276809985597e-03
-5.716312761104673512e-03
-8.237668774553737194e-03
-6.520461045907037685e-03
