4.585076234249957534e-03
-3.419022554885001956e-03
9.991890640718170159e-04
-4.445065034331485351e-03
-1.424540861155319110e-03
-5.619842842776140435e-03
-2.146080339249860271e-03
-1.419497391246341347e-03
-6.053488259644182988e-03
1.941169918851910108e-03
1.702866863712717161e-03
-3.371436681757059885e-04
4.870544357515427074e-05
1.248328341845897230e-03
5.482332636790802731e-03
6.431263988981774510e-04
3.904276879669187246e-04
3.801009060356770088e-03
2.130021202268039945e-04
-1.598562986611360738e-04
-1.013815617892457627e-04
-4.783761163066547659e-04
8.690053144934444754e-04
-6.977328096129284702e-06
-1.074572127621271174e-03
1.652714554241267904e-03
