1.127529324789450053e-02
-7.492047049920637879e-03
3.972527244991845390e-03
-1.114059147038889107e-02
-4.238795207216569487e-03
-1.289980648859730128e-02
-6.262055252821562175e-03
-4.224312989407306117e-03
-1.524369197954780764e-02
1.213677176555949359e-03
6.400916572084343423e-04
1.364863362009973444e-03
1.368075444741960554e-04
1.675237947501934978e-03
1.364533341499803501e-02
3.199132416990112943e-03
-1.121095751679116235e-04
6.809867462776123676e-03
7.194410981773586298e-04
-1.032140737223322070e-03
-1.511391739347290100e-04
1.115945739759355033e-03
7.464540924511653408e-04
-2.129042637526222612e-04
-7.333426915252187067e-04
2.931498020181116590e-03
