-7.385986906460537127e-02
6.055911220903359649e+00
4.433962219659492554e+00
3.304485870416035809e+00
5.056645161064292182e+00
-1.529347270334144027e-01
1.740300335620750039e+00
9.016637609779517559e-01
3.641746844350188361e+00
4.864251424324566031e+00
1.584787297512079585e+00
1.402374867081248144e+00
5.068598384425063941e+00
2.802357429695901292e+00
1.931403028464086513e-01
4.958569503196154749e+00
3.226696026127824357e+00
6.322244436349913066e+00
1.386963946449009999e+00
7.805992996110172610e-01
-1.030466576342327217e-01
1.163157656438765564e+00
3.669786634430568295e+00
3.864168645810857505e+00
4.776560988925901974e+00
5.419085058217165241e+00
