-6.044459865830312251e-02
6.019691115983686558e+00
4.456553569685879346e+00
3.284858082297730686e+00
5.055421240720740172e+00
-1.047533117305955441e-01
1.727325530027491229e+00
8.781644304961742087e-01
3.641088149198060009e+00
4.824990591445452282e+00
1.644082163715594014e+00
1.400817904108091261e+00
5.140042254984567904e+00
2.799932552107830652e+00
1.680880464084699710e-01
4.903456883161563695e+00
3.156385437449173104e+00
6.330092173199036054e+00
1.384952069831164145e+00
7.964966916038748179e-01
-1.070995666735558294e-01
1.220643284783997862e+00
3.780215547241526863e+00
3.896739490181720278e+00
4.769768118677998991e+00
5.410603339464991279e+00
