-7.437910689724469560e-02
6.056545064415651325e+00
4.438997088418238590e+00
3.294362305928685952e+00
5.053992109399026766e+00
-1.401808077700506250e-01
1.726713963281485853e+00
8.964998175689052884e-01
3.640085268696441112e+00
4.857063600184029717e+00
1.592567059262695262e+00
1.392364659510092029e+00
5.068436347916432716e+00
2.806946359291882409e+00
1.846884109521378381e-01
4.944464483280933464e+00
3.221165787632850108e+00
6.315997733485752441e+00
1.404114796713672009e+00
7.927682221449314781e-01
-1.075563667185062688e-01
1.203474127290344420e+00
3.726479484296480127e+00
3.882317271863243047e+00
4.784940684831096469e+00
5.407690602059378016e+00
