2.570696526002739721e-02
5.980499990264923404e+00
4.497600371150308085e+00
3.308724510905724170e+00
4.991976475733515883e+00
-9.829621858500962872e-02
1.805806447678385496e+00
9.610652130675938487e-01
3.642700127134269383e+00
4.884920095419196251e+00
1.938045493978037159e+00
1.617505477074643538e+00
5.421433630604941989e+00
2.741507664337600847e+00
1.699080940294341036e-01
4.817998766457770365e+00
2.856622410055995598e+00
6.283441797998722933e+00
2.198046209253733174e+00
9.848819638496503215e-01
-4.204496463913336146e-02
1.145627168526863082e+00
3.882187487316749230e+00
4.213852028327047528e+00
4.743943116342741462e+00
5.453177939964537480e+00
