9.904092568931181437e-03
6.024950340202624766e+00
4.491871787512028646e+00
3.313459257027835392e+00
4.994555742220432748e+00
-1.241942218233964418e-01
1.792735835505753661e+00
9.429688080615376000e-01
3.640512098941626640e+00
4.864522926035084183e+00
1.732826153333224317e+00
1.548537210883594417e+00
5.568776817265733925e+00
2.779308513865985653e+00
1.779419702634937039e-01
4.759830289275477355e+00
2.554744596564350267e+00
6.353196896764708335e+00
2.150993532254244833e+00
1.038451049954481897e+00
6.749166425165858962e-02
1.075817622877554447e+00
4.031522385737015490e+00
4.201755035923146586e+00
4.771576854197578044e+00
5.428015910875033434e+00
