-4.814048703323071943e-02
6.033529591645837797e+00
4.467515446976381810e+00
3.280568440584648915e+00
5.063599198620358344e+00
-1.191638274556750948e-01
1.792655020583157732e+00
9.246663229182017218e-01
3.636906931188501169e+00
4.887912967982538603e+00
1.580499424728205593e+00
1.390345071123270770e+00
5.076637211662290206e+00
2.752045558951650150e+00
1.854642962715507826e-01
4.919454680390855650e+00
3.366376480731304355e+00
6.316399754900946739e+00
1.447129409593979288e+00
8.085534069538312663e-01
-9.987713078876141182e-02
1.201102538218203675e+00
3.628996848438739153e+00
3.917816633599843001e+00
4.781079915195236119e+00
5.421023147650765317e+00
