-4.965593421630121879e-02
6.016028476386577672e+00
4.458850642338547665e+00
3.299522255243129365e+00
5.041996677904690749e+00
-1.141010364372198188e-01
1.733790031455164193e+00
9.404871584324150380e-01
3.646696927477946826e+00
4.917191184107907453e+00
1.652573048613410922e+00
1.613903305090346407e+00
5.412119873204548348e+00
2.766832140300555576e+00
1.896320282186964301e-01
4.917034998589164374e+00
2.884404477101020436e+00
6.305131188168834555e+00
1.694516372790650705e+00
7.833439146924350283e-01
-8.346987463872090895e-02
1.168509147972479401e+00
3.930114589482772036e+00
3.947134166618800233e+00
4.748188008855128928e+00
5.386200615103901690e+00
