-6.551627469954977856e-02
6.043960601093961493e+00
4.451369552697101106e+00
3.276643749410673045e+00
5.042341402958375518e+00
-1.250626218368846854e-01
1.764347460761737096e+00
9.055701088303991231e-01
3.641362482914586529e+00
4.862266845059974862e+00
1.605877076287900218e+00
1.404830932498267071e+00
4.816910545054923887e+00
2.791477801394133262e+00
1.921266974574303288e-01
4.940562554688168184e+00
3.246907721897738686e+00
6.305029202304376135e+00
1.655982869567980797e+00
8.211954436513601019e-01
-1.453775527780520604e-01
1.178150803813061032e+00
3.674117869444472273e+00
3.911154492604625776e+00
4.780131232842667721e+00
5.424679374009119037e+00
