3.319169770635094219e-02
-1.776517799077206514e-02
8.923190387485520347e-03
-4.133099310227596190e-02
-3.548981639054806132e-03
-4.501716286518555460e-02
-1.523519503805311620e-02
-1.305084339195651359e-02
-4.779372180891841571e-02
-8.018160021148177698e-04
-1.943935134769879869e-03
-6.115628482313172597e-03
-6.634896380231462137e-04
1.567773191563213292e-02
4.353409222492585218e-02
1.335859652715561986e-02
2.712968215193095828e-04
1.797828235051024057e-02
-2.460378152810154440e-04
-1.410397817022076162e-03
-4.230765520200594453e-03
-3.867686463885782605e-03
7.724388828821773800e-04
9.677157947693646248e-03
1.111183014610606437e-02
8.393277471785644608e-03
