5.426693543080294418e-02
-3.436573212686966361e-02
3.072773197526924849e-02
-7.898489516231550767e-02
-1.993823562045043615e-02
-6.053964966014391269e-02
-3.939509037174560024e-02
-3.462472434714537056e-02
-7.944969448055978767e-02
-7.834073856858084911e-03
-1.071640633791426898e-02
5.557317963327136796e-03
6.284749675612219880e-03
1.132917171096975428e-02
7.517768147222350650e-02
1.018090232193917880e-02
3.424502137524916643e-03
1.964187210280705920e-02
5.520685177303231994e-03
-4.858644498029507375e-02
2.048055239921136358e-03
-1.628809611120115783e-02
4.317790388425606519e-04
3.824250070194878948e-02
2.377748727432751202e-02
1.214024434195012069e-02
