-9.515806145393263318e-03
7.966931003433498290e-03
-4.763832071361649191e-03
1.060606611435982449e-02
4.056737434973675498e-03
1.076965594779132063e-02
3.663120618634524428e-03
2.294735244499938095e-03
1.327267461078149129e-02
-3.291165138088459480e-03
8.991124778650009131e-04
3.197798245804587582e-03
1.090112745578306194e-03
-8.303484248098205256e-04
-1.045113388215163953e-02
-5.222871130452028110e-03
-2.008703988791380075e-03
-8.263862082357404173e-03
2.180869747681704520e-03
5.666927761686354169e-03
3.360577691345718529e-04
3.112641159413889833e-03
-1.025323135313577910e-03
-7.567025053985767039e-03
-4.290367853041585945e-03
-3.164479933330687899e-03
