-3.612689659753442334e-02
1.916210397598904283e-02
-1.257191998718593974e-02
2.791611228613477200e-02
2.096654844627503927e-02
3.276250867288024032e-02
1.986192564919702849e-02
1.409162981271615094e-02
4.012309555331053379e-02
-1.616431581128094201e-03
7.418031957651667445e-04
6.064606526466233619e-03
7.441388928728118884e-03
6.806539904096598273e-03
-3.504312538212214084e-02
-1.005850008335450532e-02
-1.730181824963099475e-03
-1.658650752351260513e-02
-3.530760348337906671e-03
-2.239925102638200705e-03
-5.222204227113121317e-04
-7.276821303326217599e-03
-2.653077565876313035e-03
2.343234100577238407e-03
8.506775837154650563e-03
-1.448353548896795864e-02
