-5.133264075433472545e-02
2.974358975450799511e-02
-2.139257964577650009e-02
6.363397992189120944e-02
2.086566605047750211e-02
6.185235328901631663e-02
2.889825716121796617e-02
2.348250258649700606e-02
6.706152220899776195e-02
-3.919362296363211769e-03
-7.773893369170415193e-03
1.269941956496053841e-02
-3.339723723416107137e-03
4.249946098309778826e-03
-6.021309656752238393e-02
-2.397817952221809740e-02
4.536318729101139827e-03
-2.512872872976751326e-02
-4.110137473818341151e-03
1.535066045038610723e-03
2.071502654526470805e-04
-5.058174581032338912e-03
-1.129798998984729629e-04
4.894047061001207885e-03
-6.780995775519927521e-03
-1.365705321590534628e-02
