2.418842710362645310e-02
-5.521822233957946130e-04
6.554648443762509102e-03
-1.133667518866783575e-02
-1.443389213005978958e-02
-1.208740778344432124e-02
-6.619997967099834971e-03
-8.610697238542051185e-03
-1.129218777770885432e-02
1.068784057720574207e-02
4.824468868102694055e-03
-6.731709705571352863e-03
-6.084232437368469748e-04
-3.762894501054214313e-03
9.537821332460862805e-03
7.595903290434729421e-03
1.393633580625535176e-02
2.215658394109516760e-02
-7.290622818114125998e-03
-1.182719321866578834e-02
1.629391593262157281e-03
-1.417049486933658845e-03
7.264197644171896395e-03
-2.132723797953678445e-04
1.399506386687198768e-02
1.130715777128623797e-02
