3.227394389178332018e-02
-2.576145706589224801e-02
8.567082274359811081e-03
-3.306399412397380971e-02
-4.319341887993130395e-03
-4.233492923662526830e-02
-1.418647838547039235e-02
-1.022631219200405457e-02
-4.917505313308567771e-02
-9.597622966510885312e-04
-8.199858361062939069e-03
-1.989895614587301395e-03
3.156997529903095290e-03
1.256815229226389101e-02
5.152432811343239660e-02
5.520881484829771001e-03
-5.540105294982329391e-03
1.732332224132651644e-02
3.633141910223155416e-03
-1.151423484375564688e-02
1.692201258547088201e-03
1.376232017069855922e-02
-1.263064205983287572e-02
4.543524793710034503e-03
1.070666751069455176e-03
1.355225513964002093e-02
