-1.824938998759500011e-02
1.152454818356880156e-02
-2.836328208774881437e-03
1.069300142001602776e-02
1.488097510834654295e-02
1.817170584442180659e-02
1.117500548816018936e-02
9.862724695614773912e-03
2.054256712954237798e-02
-2.687669474416662808e-03
5.289253663971447972e-04
-9.762269909578411356e-03
3.113195356978564355e-03
-2.999671583574631088e-03
-2.280369976662700512e-02
2.626230531364200267e-03
-4.954944460437975262e-03
-1.320941682239345008e-02
4.043083509940478132e-03
-5.106753854758662187e-04
-6.453788465374976635e-03
1.229849866162388648e-03
-1.071681718501655591e-02
-1.290626777080682366e-02
-2.967687583588669679e-03
-6.487763675803265469e-03
