-4.750767540784466177e-03
5.952770211352190977e+00
4.509616915533182002e+00
3.290974416191812857e+00
4.971511147318422807e+00
-6.722318092553186686e-02
1.861635843510802024e+00
1.020856895641848894e+00
3.636227109252416323e+00
5.007657429625131940e+00
1.745425931425178767e+00
1.615244292031068341e+00
5.930858793408199325e+00
2.742455974738812419e+00
1.780735249831858213e-01
5.002910468533514177e+00
3.328089548511895313e+00
6.448581412041063388e+00
2.151920332361458854e+00
1.087128301851872703e+00
5.750645305309397964e-02
1.263425950220471883e+00
3.655007877109096803e+00
4.263797761829350996e+00
4.725491752266382406e+00
5.419989955632481760e+00
