1.897510690164170774e-02
6.004858309532167482e+00
4.433694147614010816e+00
3.320276891715445267e+00
5.012598655409391313e+00
-6.027256475527912466e-02
1.793919834786599443e+00
9.018657258990051551e-01
3.633769413406709337e+00
4.681916694550658953e+00
1.959761494662674242e+00
1.509688853779352247e+00
5.662083001888979616e+00
2.709230724070479823e+00
2.004589356850573212e-01
4.850476253591061493e+00
3.337767353699896855e+00
6.294416265587519987e+00
1.895300313100798384e+00
9.374937260491056357e-01
4.331151511810633035e-03
1.280287942017101610e+00
3.728776515114962553e+00
4.078566252698828443e+00
4.785888865845313589e+00
5.508336589131459959e+00
