-1.066265923108119379e-02
5.957936437363255067e+00
4.481552376690840944e+00
3.313720462896543317e+00
5.004163104655934724e+00
-3.669135660473019089e-02
1.827869159853286796e+00
9.551895360783417832e-01
3.645549525006068770e+00
4.946313455577892704e+00
1.494959220631321806e+00
1.464190914650126185e+00
5.730681755898375584e+00
2.764974285990526415e+00
2.130171125181622160e-01
4.908133314210020082e+00
3.416330029009985836e+00
6.445130014708139399e+00
2.123450124179764753e+00
1.060225787252461638e+00
-1.035309526474521846e-01
1.304057455854052527e+00
3.757608869408024077e+00
4.187960662428042546e+00
4.629744138125632347e+00
5.446835638272919056e+00
