-3.675027356792170269e-02
5.993673531092216678e+00
4.487154024114080819e+00
3.303852299400841908e+00
4.969833577910358180e+00
-5.830919886301453442e-02
1.850812086308006421e+00
8.942301955402033320e-01
3.635279563858166973e+00
5.069449700020637550e+00
1.784243422946269364e+00
1.647823111789374018e+00
5.475866128606060812e+00
2.810163564929376356e+00
1.977095800936278236e-01
5.009048112417834986e+00
3.126897338123061143e+00
6.377485708110558704e+00
2.465701990411865108e+00
1.190374491513035871e+00
1.382864624756932892e-01
1.297344631847930030e+00
3.855111743328839324e+00
4.345072038013965354e+00
4.674962164425465083e+00
5.396341893920273414e+00
