-2.182271111858198609e-02
5.958525376039671251e+00
4.526061110260686249e+00
3.297756958841720376e+00
4.976796063654735924e+00
-9.505384051714213522e-02
1.890074130994290114e+00
9.906133563389177832e-01
3.661588859659349549e+00
4.860633318786083734e+00
1.832641171749399334e+00
1.558230860150523478e+00
5.500487326529277077e+00
2.745260303835368010e+00
1.916496219570448523e-01
4.938208241895000405e+00
3.247650611465070281e+00
6.280735565024519573e+00
2.066774960363195746e+00
1.176952379845321639e+00
-8.955489333580975153e-02
1.336930751368602843e+00
3.805624745321532387e+00
4.397371827195416749e+00
4.765115918911964954e+00
5.524068470809328169e+00
