-1.677442409612416030e-02
5.971786273278225643e+00
4.516754590726580254e+00
3.276942514597969147e+00
5.022965578821659172e+00
-5.895672383122570193e-02
1.823297763564996066e+00
9.669585129329871798e-01
3.615888705422739324e+00
4.788176625446530110e+00
2.110261917277390875e+00
1.500302430700906076e+00
5.569130264104957817e+00
2.753963698782365910e+00
1.738352166788604269e-01
4.860056739010674143e+00
3.495973597592450410e+00
6.263647922093897868e+00
2.185427565764965774e+00
9.128439058541923945e-01
-4.954727479140377810e-02
1.345274525359593243e+00
3.636749658298016552e+00
4.118221549157851769e+00
4.775456967018505416e+00
5.394174834880815617e+00
