-2.178698715412065445e-02
5.845797036012473136e+00
4.591704863955850868e+00
3.311077319585460810e+00
4.996755924859878739e+00
2.101609553419966567e-02
1.915295247243642862e+00
9.744074695844584522e-01
3.647885509510736757e+00
4.989785511275099061e+00
1.800262632034582699e+00
1.490439102250823433e+00
5.822566262058259667e+00
2.742496226789707059e+00
2.088012072017540188e-01
4.939181810978384490e+00
3.386176885507340639e+00
6.254325195417441918e+00
2.730647868420502444e+00
1.146254577144197206e+00
3.944703088477410219e-02
1.361324179573895732e+00
3.704291596246190643e+00
4.452103950715503800e+00
4.715267571988920992e+00
5.479334660488031972e+00
