2.256966825720999742e-02
5.972034434202612374e+00
4.495777780904532506e+00
3.332049128119216608e+00
4.987933016526050700e+00
-9.505046765497450478e-02
1.859676754624358441e+00
9.802608523548443920e-01
3.667343455843895317e+00
4.809896481460643969e+00
1.887056795289169919e+00
1.532949105025877889e+00
5.531764116758510319e+00
2.688629324408940757e+00
2.266512629466987394e-01
4.896652980413816358e+00
3.241818550136822186e+00
6.277863716265277283e+00
2.105278268990781854e+00
1.143914987269642358e+00
6.189427582151216245e-02
1.217475333110775493e+00
3.699006577644798011e+00
4.357650152603896210e+00
4.737842146996680270e+00
5.570663447970490623e+00
