8.405603480615697620e-02
6.223718649819853788e-03
-2.626859320342678217e-04
-3.154820762268917278e-03
-3.902633312000136634e-03
-3.199844000878471206e-03
-7.376393072744402701e-03
-6.612307559134000812e-03
-1.872453372908644553e-03
2.533525039066786277e-03
9.658730213205068971e-03
-4.784135396868061108e-03
-1.501326223063426113e-02
-9.231271042714483954e-04
8.862703158168949713e-03
1.334837344824091332e-02
1.371153794671453596e-02
-5.711380422421252767e-03
1.943250118111028435e-03
2.299793954232964843e-02
8.163588364334950498e-03
2.406706067076269662e-03
-9.858222831810037334e-04
1.701683719282365281e-02
-2.203384072418934636e-02
4.209586035655576985e-02
-4.324911782871421195e-04
-5.416185789794414340e-03
2.081214181895441051e-02
5.785737496738496688e-03
-3.163294799712890182e-04
2.883653177354617014e-03
5.242779994862889481e-04
-7.456592114596372056e-04
2.245057894798008213e-02
2.569441733164812280e-02
-1.381191520530289374e-02
-3.937371493949182177e-02
5.047025124216286684e-04
-1.671385760695920375e-02
8.140856912197680373e-03
2.251175044987174800e-03
2.204205047651175420e-04
4.633484568250523239e-03
2.154074534195526969e-02
2.611606529992482884e-02
1.779014799190015150e-02
1.638475431720021191e-03
-1.168963259523536635e-03
-9.361845717051342497e-03
-8.139267133541738808e-03
2.513691997607647721e-03
6.098991103820061710e-05
-1.515556725256717030e-03
-2.303475947311450778e-02
1.186014229534460007e-02
-3.067939305378963866e-03
9.020048579583272996e-03
4.898846215836694107e-03
-2.373474730990587922e-02
8.207889203373786025e-03
-2.107659480971024735e-03
1.122686648508119944e-03
-1.106962673434741529e-02
-2.981186923191325722e-02
