-1.683530462606719347e-02
2.343136226495498575e-04
3.811800588170675963e-03
3.561522292361285480e-03
1.005943425346628173e-03
-2.761012320466257886e-03
-2.908366878492246732e-03
6.634002949843648134e-04
-2.883771287628782154e-03
-1.271473037533360495e-03
-2.449206480529576846e-03
-4.859204618540280407e-05
-3.433018168786522439e-03
3.664063037353559871e-03
-1.464083069190047492e-03
-2.218267225722464486e-03
1.194206842788925194e-04
6.071040568053978626e-03
1.652787560675952894e-03
-7.739603629752615788e-03
3.658298056846698287e-03
6.950416233221859419e-03
4.369876868671150605e-03
-1.558986819846785998e-03
3.336239121336931346e-03
4.651667157473844683e-03
4.231845370005274387e-04
-3.815926372628675178e-04
1.475914650911347437e-03
7.678842875143490621e-03
5.628594557669300280e-03
4.011779831405125341e-03
7.067006788791241334e-04
-1.049597809382220304e-03
3.260858488069416639e-03
-6.567492865728122298e-04
2.513987098465460257e-03
1.257899344040379341e-03
1.437716936063433704e-03
-1.536952270802475345e-02
5.084560938516807793e-03
-3.143033314081250529e-03
5.401601442609621495e-04
-2.771148617649807355e-03
4.183545313559550172e-03
-5.947173743053868478e-04
-2.513591538686951732e-03
-6.375533477889772094e-04
-3.589960573279794842e-03
-1.265365899029684965e-02
6.381152745961460315e-03
-1.410695545296138109e-03
9.564440510206537183e-04
9.479321489000089307e-04
2.260401741000298004e-03
-3.039346210690144212e-04
1.729705434872635950e-03
-1.273789795429997040e-03
-3.674521236330524632e-03
2.296729181079822102e-03
-3.386442995597857553e-03
3.634202940753367139e-03
5.150491436340179363e-03
3.870379407049616416e-03
-4.374045301847907796e-03
