6.561602836595292754e-02
7.813390811087228549e-03
8.239688397727873426e-03
-4.039748466300174812e-03
-9.619921374250106627e-03
-8.255729849748760785e-03
5.922525035499670576e-03
6.907265224197212117e-03
1.272823779534248967e-02
-3.640683028487134987e-03
-1.418582408659052607e-02
2.548137547318807261e-03
-1.744634966008296040e-03
5.598626839908860120e-03
1.075914995117555062e-03
-1.140331071323302803e-02
-3.547394040841200802e-03
-9.056429668696797108e-03
1.297532164178105685e-03
1.055760093064683769e-02
6.586070751268824353e-04
7.502281053339832084e-03
-8.994773493739560699e-03
-9.509919154243595685e-03
6.233249276975383335e-03
8.622529933978440031e-03
-3.670901113465852017e-03
1.178128739530437397e-02
-6.278947062808570845e-03
-2.299037142085291752e-02
-6.524748809820513085e-03
-1.357186924042658172e-02
5.244622080374794493e-03
-3.852094207848488772e-04
-4.488293044516145081e-03
-8.055388873301483343e-03
1.805737274117313884e-03
-3.139933374505382568e-02
-6.830092871487614126e-04
7.976032369294561164e-03
2.683900295150781767e-02
4.282031014490872423e-03
-7.155122297604343817e-03
1.856211348690017804e-02
8.093105851279813745e-03
4.702320911126323111e-04
-7.586955586350030423e-04
-4.571573154754648982e-03
5.538845528063607304e-03
2.818864435708695604e-02
-3.088006112102192890e-02
9.592015610612736332e-03
3.419110297837868462e-02
-6.356194650475321950e-04
8.642750200411886130e-03
-4.137321860976650445e-03
5.122446997823937309e-04
-7.730747318343555996e-03
5.548197951413258444e-03
-2.745802257439478034e-03
-2.322900483076040246e-03
1.079140594592575830e-02
9.036827909245093160e-03
-5.668280775306122621e-04
4.187043984096860960e-03
