1.019898802044616470e-01
5.183651572218672676e-03
1.957999833449020066e-02
-1.477486170301661739e-02
-7.043054455618813492e-03
-3.870614289150364762e-03
-8.971267279403449812e-03
-1.848244854905922718e-02
1.734427666159193970e-02
-1.284956836680034575e-02
1.518339380439381880e-02
2.679637162335268830e-02
-8.902641384506138067e-04
-6.195487152818590637e-03
3.150582730034739987e-02
1.681683550226742430e-02
-1.027141862015856777e-02
4.014301126752106708e-03
-7.423730337061118512e-03
-3.829318260054059841e-03
5.800859575674777169e-03
2.863439155925684432e-03
6.173751267157800982e-04
-1.466832297986053746e-04
1.359482088535146627e-02
1.115352139639813611e-02
-1.437945430695503068e-02
2.754347661407252623e-03
1.735250285475609111e-03
-3.033757036818157671e-02
-5.521929710358697285e-03
1.543764284375054308e-02
-1.077464916333231715e-02
2.871484554474446060e-02
1.271917170978659195e-02
-4.592559154151243384e-02
8.004122148061454389e-04
2.020890460183166759e-03
1.853561948025883588e-03
1.222391918589971205e-02
-5.541241484760539571e-03
4.269592205827232867e-03
-5.958094091880472565e-03
5.466653384307573749e-03
-2.150245883257573265e-02
1.326382695517047683e-02
1.408025147864311322e-02
-1.173926728395557895e-02
-1.796122404452982213e-02
3.171347327541457206e-02
2.794015804309657458e-03
6.894572334922854928e-03
-4.743659345537998284e-03
-6.966448537829017518e-03
-5.224694834757293016e-03
-1.426381053201697391e-03
-1.822631945543051746e-03
1.862812358359444698e-02
-5.150682441321108307e-03
3.572974928076066981e-03
5.436472738998276988e-03
-1.107866372425381218e-03
-4.422782921148504798e-03
-3.209762124058851418e-02
-6.664114365374784743e-02
