1.241496931907865031e-01
-1.865623541069671987e-04
4.487423087631836616e-02
1.288295442547493508e-03
-1.580285046050289299e-02
7.261209463566009603e-03
-1.974911083627017838e-02
-2.934880216458324309e-02
1.136846380055123173e-02
-2.740556453648124169e-02
7.488509499997686447e-03
-3.510162405531702667e-02
-1.661867615743162219e-02
-9.511830299097079333e-04
3.430694887895935352e-02
1.142691080646685009e-02
-3.728914945051731156e-02
1.610495389825494783e-02
7.388643783606818616e-02
-7.890389730480507069e-07
-2.142383492831356762e-09
-5.195496810550537248e-09
-2.393918396847993790e-09
-6.896626537217231956e-02
5.391884161376481188e-04
4.974880466780684518e-02
2.387680570620220877e-02
1.013354976060060197e-01
7.776368628892305068e-02
-3.959207094117456194e-05
2.012279232133096230e-09
-2.550043509685906429e-09
-1.778091562876227272e-09
-2.039541681375656168e-02
3.386030128157968555e-03
-2.250262014051596093e-02
9.036748710444797439e-03
3.086759172050979050e-02
-1.227876279819017924e-02
-8.727220335291718811e-07
-2.662800535624398890e-09
-1.726049858596923059e-09
-9.627715291671279374e-10
-6.977788027072440169e-02
9.323464248908730490e-03
2.785133256834326776e-02
-1.562390737619434589e-03
-1.356635533078520695e-02
6.727724629132514345e-02
1.473283300912342497e-06
-3.226585665316861196e-09
4.857225732735059864e-10
-4.128641872824800885e-09
-1.819804709701777767e-02
-2.705361802635142254e-03
7.816254934955857436e-04
8.190619016357203463e-04
-7.820759850493685938e-02
5.526483042028740300e-02
2.164703312435012350e-05
-3.096481404618600664e-09
-5.464378949326942347e-10
-2.064320936412400442e-09
1.342197609999207231e-02
1.067402076448953352e-02
