1.047760165087674444e-01
-2.832323450427387534e-02
-3.636392749417627357e-04
-2.502699155554344301e-02
9.267832733889092012e-03
-3.266537155349746868e-02
-2.537955158532501088e-03
-3.560109845812675644e-04
1.176013311038337505e-02
2.844320681760770242e-03
-8.214947012571971463e-03
3.211927035104422679e-03
-1.193268010443726546e-03
9.285263790487219282e-03
-2.761458034461483635e-02
-2.801411698102884706e-03
-2.541051657284354448e-03
1.723617403318056240e-03
-1.105597082634579564e-02
-1.517322805594245594e-02
3.705046538668432810e-03
-3.956935681892481682e-03
3.961087968046284047e-04
-5.681911859414801036e-03
9.605525663064495845e-04
1.192357376028629901e-03
-2.752389245339048607e-03
-5.285190627160596399e-03
1.112580381990024847e-02
1.151523022768774496e-02
2.261117161561632116e-03
-2.910458801047566268e-03
3.006006867034560770e-03
3.031793104762980917e-02
-1.004235340718029335e-03
-1.225400740080540007e-02
2.548184406536702085e-04
5.765954120412475348e-03
-9.750549976803024599e-03
-8.304576436246602356e-03
2.270076869537174247e-03
-2.928170900196036541e-03
3.299050563981831274e-03
-1.221591721875525671e-02
-8.493235099590878967e-03
-6.868592916653426528e-03
-3.271090663961584433e-03
1.995419665438979973e-02
2.257696559218591581e-02
-1.726844873692345850e-02
-5.432629866797267226e-04
1.761666758651192488e-03
-3.179467366470900558e-04
1.391220229296497024e-03
-7.605266269181121253e-03
5.902584237355013030e-04
2.357755539417194512e-02
-2.602550679305093428e-02
-1.912050275054699711e-03
-1.221903923528944169e-02
-1.646002778521449272e-04
4.723943684142861699e-03
-4.584515059247173951e-05
6.297728458518059291e-03
2.868896295873946123e-02
