2.205923095230377662e-01
1.493782188222159135e-02
-1.459969384970394302e-02
-5.810254014027016467e-03
1.401772066478290668e-03
3.870985094966972184e-03
-2.581774675991521661e-02
-3.866831230214806681e-03
-2.510315458975620473e-02
1.357326313844442467e-02
-1.860058267133535281e-02
-4.267174495697911851e-03
-1.568377615279725745e-03
3.625101920035067593e-03
3.328509561723036470e-02
-2.024799983929570502e-02
-1.663004459834249715e-02
-8.331239031988957322e-03
-4.783504252425796466e-03
1.820812424446760502e-03
-2.619571226603056857e-06
7.625444407854953255e-03
4.662021567403140665e-03
-2.399065550384715806e-02
-6.739160361701745927e-02
-6.750957508294685994e-02
-7.033018549484904014e-02
1.135155795750630858e-02
4.564596166323209303e-03
-1.700107742086398588e-02
1.780073657919878372e-04
-1.447806666221573835e-03
2.535333297470909741e-03
6.087757905420820848e-02
2.515571879274647316e-02
-1.817402547898971932e-02
-2.637864440768744601e-03
-4.894510491348924575e-04
8.187438373108424372e-02
5.839112873773366630e-04
-2.911824947826602283e-04
1.208894685744699160e-03
6.732651242069565001e-04
-2.555395357123346756e-02
1.648615702287692386e-02
1.260212888903877726e-02
-9.178183782432292048e-02
-3.139147969344335820e-04
8.203380620630529307e-02
-1.738695395991918247e-02
3.682872409815907133e-04
-4.017142521406391609e-04
6.654915507553482712e-04
4.013083892973057232e-03
-1.505369225107688891e-02
-1.341276194277707390e-02
-4.887327383074069331e-02
-3.810044894164699159e-02
-1.330604793015055520e-03
-2.749472524654628103e-03
-2.602607435120418700e-03
3.254326391699535748e-03
-3.372717036209671448e-03
3.229792114312068918e-02
1.111261815206487924e-02
