1.610408124040618727e-01
2.500708784144989316e-02
2.678167746600346177e-02
-4.957424403276289304e-02
-1.426006372012844636e-02
-1.142071654261500591e-02
2.240870418043772183e-02
1.156486162043335320e-02
-3.183101797768483898e-02
-1.275727906993595617e-02
-3.533731933805239755e-02
1.991389397132392602e-03
-3.255011595329482255e-02
3.040196009870821392e-02
-1.832132341672565445e-02
3.430510042701229168e-04
-2.587449367610905604e-02
-1.644926174437788546e-02
2.889989745777366004e-02
5.184048156026133114e-04
-7.382553422752291539e-04
9.890803454037921938e-05
7.858873621313655633e-04
-1.855453273663654201e-02
2.067479963271945387e-02
-1.398081967904363232e-02
-3.237762774901953300e-02
-1.137993735356168656e-01
-9.227285104398963433e-02
-2.983702312997493777e-03
8.748866735242000203e-04
-3.196787279335921994e-04
8.863482690857349411e-04
4.482720252288463492e-02
-2.354513993496620827e-02
2.775610217359281151e-02
3.401204311248573475e-02
-5.096039271124119807e-02
9.228455081708442087e-02
5.215717788220608497e-04
-9.020032464002181172e-04
4.606038293830660990e-04
-7.185802647358130457e-04
2.300385430753504323e-02
3.773745689203411580e-02
-4.938983666491481017e-03
8.440397113868014500e-03
-8.543284628348413179e-02
-1.188203289752276515e-01
2.073483034575884787e-03
8.238356004330871230e-04
3.938081458154663039e-04
4.353095835185616380e-04
-1.574600757073274515e-02
-3.778003283480546592e-02
-6.634515610504099214e-03
-2.171884339041696421e-03
-2.040882981710345767e-02
-1.347676141516540582e-01
3.129359374062778976e-02
8.296299584820143735e-04
2.300911371155844876e-04
6.317396085420146079e-04
-6.962319731157462499e-03
-1.806330139283995884e-02
