2.635081166463271174e-01
3.135724173375376012e-02
4.221742469501243988e-02
7.101741354709201204e-02
7.997772367984712361e-02
2.100237938770788126e-01
-1.161896480070256921e-01
-7.451300583494191443e-03
2.613960402297887953e-03
-3.116946457881741850e-03
2.140620666835069130e-04
2.960722986222741326e-03
6.177954224584336629e-03
1.901413606425483849e-02
-2.440108082951697455e-01
-4.284527593823028724e-04
-3.461926023629047222e-03
-2.460034936174748665e-02
-8.249505800694834079e-03
1.225454869524522650e-02
6.466372749758253491e-03
7.655748951451712969e-03
8.793129419037981620e-05
-2.357680804060402480e-02
-2.422239879507070981e-01
-2.945956086713996669e-02
2.544027567427664671e-01
1.952781096548061868e-02
-3.431052976454740389e-03
7.655670195005903622e-04
9.538867785929827647e-03
-2.105781705258324976e-02
-2.823801956153282333e-04
1.669209138965843664e-02
-5.815951213683501209e-02
4.057684452329901603e-02
-2.540424452399103750e-01
-9.520645813387851319e-02
3.475103128869339031e-02
-1.699018502276938847e-02
1.628802370756687878e-03
-2.120876980982178139e-03
2.999878817577794621e-04
3.459277541500993536e-02
4.785047118954777190e-02
-6.768243496907411227e-02
-1.358878018789533293e-01
2.325008529452388117e-02
1.689131372620278349e-01
2.375546381133686324e-02
-2.060996581731977528e-03
1.000893059405205676e-02
-2.329867895833892533e-04
-7.257855566544790804e-03
-1.480511708021325923e-01
7.895221455778145270e-03
1.329854674644859180e-01
-8.177149499188907100e-02
-4.027321354876933768e-02
3.773313599075844849e-02
7.776597664432838286e-03
-5.744976716570704411e-04
-2.049024110106767438e-03
-7.964013649941481532e-02
-4.337758343492259527e-02
