2.771607098342454556e-01
-3.216605037881237195e-03
1.566755343518355659e-02
6.500930169184293561e-02
-1.173978096333239129e-01
-1.640377602848963612e-01
1.261997145673987575e-01
-2.884476733855390052e-02
-6.725676925112278326e-03
-2.759702820431808590e-02
-1.565321802732277945e-02
-5.104111230891383855e-03
2.033761156011726356e-02
5.637156734461523655e-02
-2.510202511823989013e-01
-1.050850240158496263e-02
1.560624338092786445e-02
2.527879648661635059e-02
1.358615206448199331e-02
-5.214567801864467000e-02
-4.120645227811969846e-02
-1.652130036944310376e-02
1.609885787179354821e-02
1.881012658133673909e-02
2.515834381100479078e-01
4.974622092729363843e-02
1.772934739990850161e-02
-1.587457124085922544e-02
1.905618669806319332e-02
-1.957121315704357656e-02
-3.036420975766063179e-03
-2.386796003894797735e-02
-3.754009211126563272e-02
6.685495906877392258e-04
-2.599014333609650507e-01
-4.245895995902415621e-03
-7.126954408576136046e-02
5.253613013372904206e-02
9.402171818884141885e-03
2.612633859255808488e-03
1.021432029235658234e-02
-4.592431507993710582e-02
-4.258669319967545164e-03
8.472371818002422117e-02
-1.775388301997193885e-01
2.452271482406009895e-01
-1.869044405355957394e-02
7.943522194187035979e-03
3.245111374061693255e-02
-1.509574146241199344e-02
1.428386270374559786e-02
6.679886851990168850e-04
2.454792827344398631e-03
-1.265985691278892489e-02
1.771167279160379415e-01
-5.448464332480362771e-02
-4.845427854088812936e-02
-1.304749738806343373e-02
4.431975415136735208e-02
5.691566176690976420e-03
-3.826074641138932364e-02
3.416324036165097056e-02
3.607912926750778126e-04
1.501362634909186866e-02
-1.813353252624883005e-01
