0.000000000000000000e+00
2.212927970184334292e+00
1.169678347050128325e-01
1.950369035963749331e+00
1.527406217122641241e+00
6.611755510287782300e-01
2.033719275991349995e-01
2.523072450317223048e+00
4.927070153583906098e+00
1.166224905036994830e+00
5.938847838866403883e+00
1.537380840343598898e+00
2.089099793598295562e+00
2.250181227416387042e+00
4.040429916481375727e+00
1.373002491652063117e+00
1.889852976950503471e+00
8.814454384290790756e-01
2.393248082375852182e+00
2.735458421557725561e+00
1.523371737381328528e-01
4.736025479937008065e+00
3.680206346584395938e+00
4.865048350432675583e+00
1.387046150469563477e+00
2.028713668987292440e+00
1.711495205697553118e-02
3.753020953969664342e-02
4.655306477898154327e+00
6.208228641069998055e+00
3.187005784195848346e+00
1.602052759841553042e+00
4.614930822546263300e+00
4.405551114200089713e-01
4.785134165664171491e+00
5.499810664285566197e+00
1.247890735601547618e+00
2.950239621777041243e+00
2.414646437507090404e+00
2.869453159381659901e+00
5.644531461637645187e+00
5.375456971246004301e+00
2.284047088690784655e+00
4.069869434071929248e+00
3.231951535387289187e+00
2.875423990968261734e+00
9.860418006905042887e-01
2.885710202812069802e+00
5.347928726517453768e+00
3.267452720432845847e+00
2.539646837671775792e+00
2.490508317556566986e+00
4.401000858472760235e+00
5.460239154038240006e-01
7.059742456377260389e-02
7.163424608587498632e-01
3.197554977758165773e+00
2.258219260820962249e-01
4.080649750013527033e+00
2.527311964187014759e+00
3.178412151668252417e+00
3.031976450980635729e+00
2.092832505196902115e+00
4.710291959556422547e+00
2.018526130472161118e+00
