3.499351642064996160e-02
3.707891556334447891e+00
3.025229881554822420e+00
3.523233402866600361e+00
3.104169739160267394e+00
5.236929096680048801e+00
3.769390348632988275e-01
1.206191506660406088e+00
2.818886696642679546e+00
-1.263694325816895891e-01
2.689270263912831194e+00
1.271960702002532750e+00
7.945792658554622356e-01
2.647874530982148755e+00
1.528009491401377096e+00
5.848193850597061427e+00
6.823628388670551104e+00
2.045466234793318350e+00
9.600821233195470095e-01
3.589397871013331631e+00
1.600784725794843322e+00
3.825312546364672883e+00
1.945463015020344910e+00
3.819953178623829437e+00
1.314307955539846473e+00
5.505566226208533642e+00
-8.651126159269896532e-02
3.174794108773747237e+00
6.740855277661385259e+00
6.246650074763112848e+00
4.071340784853135553e+00
5.301452185204248657e+00
2.752636546372104309e+00
8.314004034705672064e-01
4.844989795360980622e+00
5.355674646385478077e+00
3.232756236771867631e+00
1.169188540271806742e+00
3.847029247416395292e-01
3.254784329440893131e+00
2.567527069977687537e-01
3.704486499165918101e+00
4.335346950570777125e+00
4.204750081186913846e+00
1.634324878814504167e+00
1.612002893973555562e+00
7.201144012190597854e-01
6.308385857780086425e+00
2.521959896502088405e-01
-3.534063708688173211e-02
3.831853237382149668e+00
8.779797570607247303e-01
4.982483191360956631e+00
2.927675793195060994e+00
5.827243661268138197e+00
5.328525626608352717e+00
4.495077373737124127e+00
5.478431671804160352e+00
3.554903982422488173e+00
3.973518908299837893e+00
4.919203417869464801e+00
2.013391185642982695e+00
5.871934374629701470e-01
3.829514985572352259e+00
4.713217632273958735e+00
