0.000000000000000000e+00
4.081555474829926311e+00
3.061977180291779455e+00
3.889179747526005482e+00
2.004246714769633897e+00
4.859785283346107931e+00
1.042101860287321553e-02
1.172308886904501524e+00
2.306183886422837226e+00
1.623790135359203246e+00
2.122847245712174757e+00
1.505622290841799105e+00
1.360678192602661873e+00
3.446641529139236493e+00
1.455247367580672524e+00
5.528388162589771504e+00
5.602506663978877199e+00
2.199055966451590294e+00
1.253468330688404242e+00
3.433664265959690098e+00
2.334052584179600487e+00
3.798673487568848817e+00
2.147328992615845866e+00
3.903325853818983671e+00
1.939691528366214390e+00
4.555778069754141235e+00
5.657216785358171185e-01
3.531069407094416857e+00
6.175840884010225906e+00
6.238261546730395679e+00
2.787177863180097415e+00
5.332031150761092242e+00
2.340454233736818601e+00
1.046997703473725227e+00
5.095894164525632597e+00
5.654387649380447911e+00
2.468928468441286217e+00
9.011854321647048138e-01
4.949116809804293693e-01
3.073231304645281714e+00
1.393626867483463094e+00
3.932200239750629933e+00
4.807532423929872678e+00
3.833873330243630750e+00
1.442319203274534667e+00
1.833221043083175461e+00
7.109883419177669417e-01
6.158378540502977394e+00
3.847746322847503953e-01
2.228026242123404277e-01
4.824743627506581589e+00
9.618735755130348730e-01
4.960356714643352483e+00
2.503515063244063032e+00
5.509311748108808082e+00
5.938592140679041620e+00
3.783305304945693948e+00
5.016829419452230709e+00
3.520238090462514791e+00
3.975382171959365607e+00
4.997998921726876098e+00
2.111590996828384803e+00
8.841460145775538113e-03
2.928564729298992475e+00
4.588323684361554022e+00
