0.000000000000000000e+00
2.322077468776818865e+00
3.230344718359273060e+00
3.149424400549292180e+00
2.519020946038929676e+00
6.151747849423799819e-01
1.166567355620682367e+00
1.376820715114523530e+00
2.342326327749965298e+00
5.686374075081849888e+00
5.733575752777963608e+00
2.549428989461032913e+00
1.894195796750131056e+00
4.479642581341036767e+00
3.983085753343811319e+00
2.580507294806537288e+00
1.689179662815362803e+00
5.892489268203833674e+00
1.983381885055108151e+00
1.967206683247459398e-01
3.801986036793286949e+00
3.951704465858735027e+00
2.185142339945304713e+00
1.481492956434833141e+00
2.060495645182972291e-01
5.234170507729876576e+00
1.070791714904531400e+00
5.770869103268970512e+00
4.787996240825923344e+00
3.248017583299237732e+00
1.952510268856685549e+00
1.736847001058484219e+00
6.271438323095310352e+00
3.146127244565946945e+00
2.942849172568017924e+00
2.254954024229213871e+00
2.699115146779353047e+00
4.006642800045042030e+00
6.104522784081881426e+00
1.335614395923698794e+00
4.654779362878649906e-01
2.728885982563398205e+00
4.876378972255019484e+00
7.368273747561210688e-03
1.795323307360657594e+00
2.259784265851930929e+00
3.518835432720960998e+00
1.190510059009229800e-02
1.721301519809229852e+00
2.615184559767221195e+00
4.612026374555024510e+00
1.999176168774070783e+00
5.631967540272834860e+00
2.953204100159393608e+00
3.930002857219061063e+00
5.904206272744616513e+00
5.491085012182058023e+00
5.178504526072416958e+00
2.014983254604018614e-01
2.751189103143450332e+00
6.261466850763244274e-01
5.618798690473330026e+00
5.575888490298499534e+00
1.791589816444019378e+00
4.032484161491165509e+00
