0.000000000000000000e+00
1.304525393739039751e+00
8.786792324074250704e-01
4.935981416458106175e+00
2.215557232468119420e+00
9.707343816470417330e-01
3.826893929681950635e+00
1.582221593091242884e+00
5.837974612437788480e+00
2.003687736627374871e+00
5.897010395410178241e+00
1.885037651307943873e+00
2.147819123765990934e+00
1.941812835426972805e+00
5.588239302981004464e+00
5.675157236148256068e+00
2.413229071495179845e+00
4.108139431869420655e+00
3.448217770188523268e+00
3.094923450595936210e+00
2.115080843126527554e+00
2.020446510297639886e-01
5.649782279731214274e+00
1.910401378392001304e+00
1.478623418977403681e+00
1.509869318795544479e-01
9.742073774993793567e-01
1.987400959289052027e+00
4.817073504912781523e+00
3.993693744035443416e+00
1.186653540387833328e+00
3.641931459938505977e+00
1.005459954408777890e+00
3.955750528388087162e+00
5.489324653254908704e+00
4.580723724609540248e+00
3.158516076451312493e+00
5.026240039672471127e+00
4.494433628737422914e+00
5.075533409274012087e+00
2.186449682168749131e+00
5.206290146581749489e+00
7.111185812658075145e-01
2.514306778124602459e+00
1.919950637637079183e+00
2.702588231475025804e+00
6.211785523797318298e+00
1.110034155222940022e+00
8.743011566370878507e-01
1.262697118548393282e+00
1.430359577633892210e+00
4.568221134505276559e+00
4.022150180077104231e+00
1.643486694785029734e+00
6.010869957311303358e-01
4.509430237855949208e+00
4.756070700920900229e+00
5.794952042069241749e+00
1.523198784179173870e+00
1.250673796720994213e+00
4.934511405449363508e+00
1.102964626153728256e+00
4.528159440776393097e-01
3.973068880705073802e+00
5.190310908068759943e+00
