-3.757866697879101714e-02
5.869260343615930964e+00
5.639246430636437601e+00
7.229661475408855065e-01
6.545892684297065500e+00
2.872714869462481779e+00
3.026549677668055605e+00
4.525057668261773358e+00
4.867828825977752460e-01
9.487303430725536613e-01
1.994245872576273948e+00
3.906862538326905554e+00
6.864572985846697506e+00
3.621865474455258749e+00
7.691214993931155819e-01
6.181725191812846631e+00
2.777620866356093732e+00
1.805580352062359228e+00
4.426585236969797776e+00
4.941296370560194440e+00
-2.192715774113853100e-01
3.351875762231270262e+00
1.531970874722251796e+00
1.241643322959061768e+00
3.048408036917555908e+00
5.923225760705495446e+00
8.938914775542854407e-01
5.498866023680688109e+00
3.027259342914127238e+00
7.461350658159275895e-01
3.573085181922636799e+00
4.955745807768884070e+00
1.536910048670969697e+00
8.119208739244029305e-01
4.011381634417191755e+00
2.115416665258752271e+00
4.887663323175392094e+00
6.302308198605840239e+00
3.233472162906358971e+00
6.201172807052170555e+00
3.064257367230696971e+00
4.036054375154021656e+00
1.295061436074429473e+00
1.424222961093471795e+00
4.666750812845694152e-01
1.415070319925227249e+00
5.921342986494301464e+00
5.066147862332113228e+00
3.017241540545444689e+00
1.983265575200766184e+00
-5.281740036045435849e-01
1.587220358168842882e+00
-2.010489256129115443e-01
1.895973820816187150e+00
2.336310268798464485e+00
1.637387243039558848e+00
1.561876756267237765e+00
4.700544794397024440e+00
3.250912264458450718e+00
4.685758181784342113e+00
3.211809797539024292e+00
5.977531698236201230e+00
3.571631503731550694e+00
1.003890104976847691e-01
2.360090108524572017e+00
