2.776650518242548479e-02
6.226825262587063925e+00
6.547808994077456646e+00
4.488839398799822078e-01
5.399719790182269996e+00
5.294302400720705570e+00
8.564067444111388427e-01
3.930698810531231935e+00
6.146440864479632005e+00
1.165655823110159472e+00
1.461128807633321314e+00
3.250814825468783642e+00
6.265964202362392932e+00
2.002946630640394687e+00
9.670790416091404884e-01
1.966844957448675046e+00
5.030010533969694109e+00
4.758412217451338577e+00
1.238107362843175130e+00
5.793217953903080364e+00
3.835287873138133907e+00
1.533402752974103000e+00
4.673183988731053340e+00
3.207402337601457099e+00
5.457066906457358257e+00
2.459648318832283465e-01
3.222244781237584732e+00
4.805168747511203264e+00
1.528133349233061988e+00
4.663051813938738022e+00
1.239258127998918713e-01
1.811021392617467862e+00
-9.617498471190369424e-04
2.882956433196723900e+00
5.912941248990967180e-01
4.787062446491695766e+00
2.191905965668970335e+00
6.826801183594937150e-01
3.062820362615067182e+00
1.537118420132643992e+00
1.680974741161983754e+00
4.760788648143608803e+00
-5.195686970269484117e-01
8.791470706614519237e-01
2.341687657599617278e+00
4.109029750083869281e+00
3.077408517535126009e+00
4.391786957949429748e+00
2.975669460304065428e+00
6.447079140627195670e+00
4.915930845162894691e+00
4.666681672017895188e+00
4.282081616366103738e+00
3.227050515627913008e+00
5.541028303633404484e+00
2.038350383103985308e+00
7.650910833888908691e+00
1.792952268362420609e+00
1.525388366001559026e+00
1.464783538415640685e+00
2.119380872626909884e+00
-4.629821016900865366e-02
8.288930807048910943e-02
4.179131981226278825e+00
2.646711711335276718e+00
