7.696217067379580723e-02
2.762380782070405161e+00
3.526007318789031952e+00
2.781839318407882011e+00
2.502153777608848717e+00
6.635994616963255543e-01
9.101012781526256479e-01
1.080330106249268951e+00
2.829491966101809197e+00
5.763349861518526573e+00
5.885010767424022404e+00
2.413780210338191345e+00
2.041340531170181549e+00
4.086953423852357936e+00
3.759532169776750088e+00
2.702738077943044992e+00
1.355205058964716436e+00
7.438676934744245628e+00
1.744273272534522912e+00
-4.208426755571494787e-02
4.069021934258567619e+00
3.309400450437274266e+00
1.710346255663564463e+00
1.503352785065307451e+00
2.505027543989656325e-01
5.342494949242467150e+00
1.229875714042505619e+00
4.813468560372575311e+00
5.357771226188744684e+00
3.610815550765237081e+00
2.341944417033829051e+00
2.902415586225413957e+00
6.276855635784664322e+00
3.283042307379059110e+00
2.906846829647189878e+00
2.218266896397525390e+00
2.112104017789441457e+00
3.959818215916107498e+00
6.356308961939532765e+00
2.702603147039146947e+00
5.169464946187530829e-01
2.402067746079133315e+00
4.499046598037041989e+00
1.035207494958678004e-01
1.728146213271835707e+00
1.525651815840150194e+00
3.367404752769794118e+00
2.025988232346870865e-01
1.860429800163562408e+00
3.142201837467082814e+00
4.412059569540487836e+00
2.928022175838401964e+00
4.913776547973962572e+00
3.286541649208388538e+00
3.909555446775877741e+00
5.759937082804545305e+00
4.755295507309710068e+00
4.917179502045359918e+00
9.122137885505386956e-01
3.131151248016906141e+00
8.682963242932016934e-01
5.696576686515880006e+00
4.619485892680168071e+00
1.669705814747505901e+00
4.051961195733755794e+00
