0.000000000000000000e+00
1.851623624450276173e+00
3.394901417158929124e+00
1.204245335389669380e+00
4.972180507793908966e+00
1.626502364444050386e+00
5.861387479790042931e+00
1.332835866760006649e+00
2.173197307232032305e+00
9.806359158365927087e-01
3.781425307960693427e+00
6.074483677736365550e+00
2.532049917133208719e-02
5.132708820591334486e+00
2.091101951949292381e-01
3.065036534193424922e-01
5.086002597844892392e+00
1.781051975517615293e+00
3.072547895404350360e+00
5.163351641394794411e-01
2.723857345550647402e+00
5.378453797707284378e-01
3.884180073916761344e+00
4.522999831743597987e+00
4.442060780622735017e+00
5.886365947367943718e+00
2.719332455529858361e+00
2.351252873998780135e+00
6.785970568868515684e-01
3.619938955847450845e+00
4.020334238956380091e+00
5.543147589432790845e+00
1.017415489510007598e+00
5.187063902716985808e+00
3.030873025454433822e+00
3.037822575328941177e+00
3.487544558934884131e-01
3.718017700291960104e+00
4.984932281279802480e-02
3.640655761200468188e+00
4.920066339681264722e+00
1.922033920226918546e+00
1.372732302525757175e+00
2.033974886314267927e+00
3.718278761996871573e-01
4.148987137904017963e+00
4.403473780058440923e+00
5.045234300487363654e+00
6.021384963257783163e+00
2.547738187457659453e+00
2.228633538486169685e-01
4.060581596760977519e+00
2.042555621211276762e+00
3.320385840618795825e+00
2.090865455350515045e+00
3.040738784729144051e+00
1.323978963004812215e+00
9.898633630606861189e-01
3.573658424246856757e+00
8.309834595310792993e-02
1.500464881333625211e+00
5.358818732242166760e+00
6.088750680750765198e+00
1.894770196974375098e+00
7.409559486818982632e-02
