3.180557245603664318e-02
1.403524876686694345e+00
1.200142526598589221e+00
2.009290125359320278e+00
2.891797316569199694e+00
-6.540146851933785477e-02
1.418344212675551330e-01
2.512342511524384925e+00
5.241349767484292599e+00
1.941011126393625386e+00
6.020317246958075685e+00
1.680323572297131474e+00
1.581410669601549523e+00
2.698627962542830439e+00
3.963459106014520561e+00
1.335634367121999455e+00
2.080397796197409832e+00
-1.493991515478489962e-01
2.175103036627643149e+00
3.141608084557284020e+00
-1.040711315567283413e-01
4.833378265198816415e+00
2.120191273670355425e+00
5.103318638420968334e+00
1.525665563001476599e+00
2.345992209743093415e+00
-3.605832567865808747e-01
5.967833809236802733e-02
4.333033766081630489e+00
6.283356423910481325e+00
3.639166792242172210e+00
2.021171224802793542e+00
4.585793464283105081e+00
-8.521295589975648455e-02
5.366246862596134370e+00
5.735215312166916490e+00
1.172859301917934971e+00
2.539149177967924942e+00
2.862704247983033579e+00
3.141570326850604555e+00
5.108437704157011261e+00
6.007122482063397939e+00
1.916407518875672178e+00
4.264237148347209683e+00
3.726558867979087086e+00
3.490952047348379494e+00
1.081241453488772430e+00
2.498273907594225740e+00
5.538190103568720879e+00
3.141605634431666072e+00
2.043107176965416105e+00
3.024041576069847803e+00
4.627984218596099986e+00
5.699972558323684879e-01
3.751729065949652719e-01
6.906777885241016657e-01
2.210705756161607471e+00
1.607486026478482377e-01
4.182998366777386678e+00
3.141466296920637280e+00
3.408335811808253624e+00
1.380600206621421355e+00
1.996258461643932502e+00
4.266588066168125692e+00
2.437714790402441878e+00
