2.557130657368833493e-02
6.229588811209039179e+00
-1.185614837721495479e-01
3.767555103973435626e-01
6.958253706656457593e-01
1.973792031847941830e+00
4.137135934363980638e+00
1.697129515152833834e+00
5.364047455660418962e+00
2.914162318622948611e+00
6.477682369261371642e-01
1.618929068943965488e+00
2.418148366704406804e+00
4.186658298639880371e+00
5.581951459059856013e+00
2.422415641767515559e+00
5.149569506203564906e+00
1.327990746891773766e+00
5.050175552378985522e+00
5.362884273826507453e+00
3.152478493303950913e+00
6.389017958136143704e+00
6.512963588699616224e+00
1.906250538445300791e+00
4.502334267348814478e+00
6.296545852535786025e+00
2.415953091331875857e+00
3.137124520682389672e+00
4.846189936605422410e+00
5.675689291360647148e-01
3.258401525808737986e+00
1.695287983504415230e+00
4.291711760825318578e+00
3.119008976912520215e+00
1.144864686398902931e+00
3.372377916680668442e+00
5.748279618228665511e-01
4.510220365493421646e+00
-7.720128869270964644e-02
-1.976746249267096259e-02
5.098451337980312914e+00
6.514702365903704440e+00
5.158170395297490884e+00
2.573016000910497425e-01
3.399333032460628790e+00
1.543235025607988753e+00
8.759414795393610786e-02
1.323296577923740891e+00
4.796996259678249608e+00
1.196489206596337063e+00
4.810474810325909623e+00
1.748425877650893856e+00
6.338182309461664055e+00
-1.609961459700568698e+00
6.333608203502429923e+00
1.365879294455921489e+00
5.263269696326507763e+00
4.057403702743393126e+00
-3.650081732603452367e-02
5.387240925536056046e+00
7.159050037982120251e+00
6.221988853106608097e+00
3.875532180489622114e+00
4.530659638087597862e+00
1.093355603929264008e+00
