-2.301106798771570747e-02
3.638746423159753718e+00
3.835199063791898233e+00
5.450090209921872875e-01
5.476811034044777315e+00
4.965296516781464997e-01
8.594628167102066341e-01
7.033874531222066295e-01
6.095833426416903400e+00
7.759953245783450873e-03
3.127074676739764136e+00
6.105808185985529768e+00
1.998075582268261097e-01
2.588293399295793495e+00
3.145081647730301189e-01
3.963113286136036528e+00
1.946683320403709283e+00
2.100580944306023046e+00
5.291037046103461705e+00
3.163893522341359787e+00
6.400923534389930225e+00
8.666676944544665639e-01
1.105439474278725465e+00
3.361858054982843846e+00
1.194186936136188537e+00
4.466013728967613616e+00
1.614526848809091142e+00
5.180918720736189975e+00
-6.883411945639071883e-01
6.111340243664407978e+00
1.240477120315583548e+00
5.811680233916408866e+00
3.630231962102107524e+00
6.203321895948001874e+00
5.073521172994474249e+00
4.496455668034260889e+00
2.013257377776521029e+00
6.178446107560511713e+00
-8.501050010723421035e-02
6.582546023595640783e+00
6.263123812045839678e+00
3.367685970594738176e+00
3.191712945046845107e+00
1.806331799702352692e+00
4.720871259999690039e+00
3.142649141790516687e+00
5.153129305407444072e+00
5.024782378155706830e+00
6.576126968650939375e+00
5.803435708412578720e+00
3.565746208394992012e-01
3.305794974166551103e+00
3.696684751689787163e+00
1.159681259047865565e+00
3.130494825272930104e+00
4.884683851407328525e+00
1.553267042435725553e+00
6.201115835898383111e+00
1.217561198892330943e+00
2.251254743537072667e+00
1.558795826384560490e+00
5.804441523287408700e+00
4.320471128838954122e+00
5.174870883824385537e+00
2.168791812338578762e+00
