0.000000000000000000e+00
2.749990750173953113e+00
5.318754261147856433e+00
3.427836597954172504e+00
8.001969115405274113e-01
3.173893242918905955e+00
5.387868947730994229e+00
2.770914959571529224e+00
5.309033657566478714e-01
3.075129972766413200e+00
5.372439783558992765e+00
1.654117151127438623e+00
4.561561435109114271e+00
4.582801305207198639e-02
4.058978161495597092e+00
2.917842537199089925e+00
6.076838976500577694e+00
5.687111722642939071e+00
6.867498551458410816e-01
3.275680135751733335e+00
4.578874119275058163e+00
4.071135222772835682e+00
3.522928383146832210e-01
6.096716421089645621e+00
3.815538386271622340e+00
2.058825557840036069e+00
1.936773881401242514e-01
3.961297987591259950e+00
4.657185115777133788e+00
1.648910274110291452e+00
4.683604113993401263e+00
4.627746572296780769e+00
2.931818389521341217e+00
1.998400426710656097e+00
1.277373396777939041e+00
3.757328819826707189e+00
4.161032097820642761e+00
4.837006206857397572e+00
3.834869038005562114e+00
2.585008410336521845e+00
1.906985609189949304e+00
2.401957151167411375e+00
2.530393351548957614e+00
2.733727028122271197e+00
4.741259021051259515e-01
5.028411451039937141e+00
1.479177878206632712e+00
4.801898595643135259e+00
1.027957635664580982e+00
2.811324680655803654e+00
5.645671820459495116e+00
4.245795117874003738e-02
3.882722294849730638e+00
4.904482372069969287e+00
1.306978782627070679e+00
3.974591661801850417e+00
4.853625835739016736e+00
1.745560037443290913e+00
1.787859369157415834e+00
4.335839318632847217e+00
5.363809119185976471e+00
1.168559436417925500e-02
3.442193555946486683e+00
5.246047200169543068e+00
5.053001444269239251e+00
