7.066063531816875291e-03
2.679830187127674623e+00
3.938795166204921205e+00
2.476243943988816198e+00
4.243811124478972019e+00
4.728527701431145536e-01
5.647688272028318579e+00
1.629364611200678770e+00
2.689681214667944076e+00
-7.655813292717000840e-01
3.588821158447635273e+00
5.964170462227485814e+00
5.125684804784474274e-02
5.559462985028804205e+00
6.348888362917003425e-01
-3.215495949572318990e-01
4.841469339704575603e+00
2.289057356342536931e+00
3.541155371679462593e+00
2.268460895144646106e+00
3.224053247008666911e+00
9.477206574506070735e-01
3.587311320269534143e+00
3.528218287571430967e+00
3.393158705067178094e+00
4.871753997716121276e+00
3.174195823887527190e+00
1.729708276299402270e+00
-6.392026522921245846e-02
3.095054788911181909e+00
4.304562638856555878e+00
5.786030507936385625e+00
1.014605765174439345e+00
4.946944345193408310e+00
2.941883410897748963e+00
2.928606182900029165e+00
-1.500675661077326833e-02
3.607331914091739034e+00
-8.288035299038738479e-01
3.135899145130163213e+00
4.568705485335035732e+00
2.411963271042333101e+00
1.692173711830686322e+00
1.957159097020054084e+00
3.558731813510557229e-01
4.482814478620417376e+00
3.770596282700472646e+00
4.070472462736971941e+00
7.432632146636612092e+00
3.158948045071194866e+00
6.910969159362601033e-01
3.755332659438148646e+00
2.689274476833867222e+00
3.056831792373996937e+00
2.116651820090957425e+00
3.071937828164327478e+00
1.188991526889473960e+00
6.050144214225032790e-01
3.771271395734782317e+00
1.507342621361992818e-02
1.742133139970554634e+00
5.895423500275964734e+00
6.195228318590101146e+00
2.023850262682335810e+00
-4.343950072713078508e-02
