0.000000000000000000e+00
4.962337531970981708e+00
3.767835071182194628e+00
1.270415854277726631e+00
5.403134666724234592e+00
8.464814009777786863e-01
1.514376856273879968e+00
6.573110874231090639e-01
6.158967385326427291e+00
1.138099849985126921e+00
3.401662991677499637e+00
6.234400171890730924e+00
3.399775786550969792e-01
2.458223076909978655e+00
8.374989580367570019e-02
4.265969663085593666e+00
2.595100613574453430e+00
2.559302201475859295e+00
4.449470273661826347e+00
2.944099484489229646e+00
6.131439911900597117e+00
1.408832032005086443e+00
1.176672013278392104e+00
3.681304274917193808e+00
1.190559454054297861e+00
3.848821374489469260e+00
1.527325304634118641e+00
6.055467253994656573e+00
1.149191810520594076e-01
5.792770528523265128e+00
3.787744136516067450e-01
5.986585861066865633e+00
3.719835159506480249e+00
5.801466182981380726e+00
5.063064057101209769e+00
5.099636790339343584e+00
1.168484696469533013e+00
6.015073242884723115e+00
5.364122145161855787e-02
6.245148610596399585e+00
5.859966024555938624e+00
3.344633249083587501e+00
3.066752936183061884e+00
1.444720883841787096e+00
4.377848054936804623e+00
3.385973907896065782e+00
5.922537895304504474e+00
4.732882007940002467e+00
5.971668019127648996e+00
5.719985837572101772e+00
7.042480360824838748e-01
3.767602047854561764e+00
3.031216310569785133e+00
8.501897818184557254e-01
2.104610792110349404e+00
5.077425073160212854e+00
2.098658984136686279e+00
5.670019287744787917e+00
1.708519843100171798e+00
2.402987295426809222e+00
1.955945863956174868e+00
6.143526832460662668e+00
4.227211623150318509e+00
5.763877807100393547e+00
2.805420777383177633e+00
