4.862163141692674162e-02
3.261788603095664207e+00
3.516538502824831269e+00
3.553569210103253440e+00
-1.857279496056871260e+00
2.051438019412080482e+00
4.749711932289449656e+00
2.968539657444942303e+00
8.480681876147350140e-01
2.787965142552418563e+00
5.171872345234767465e+00
1.713608525387931403e+00
4.971117291581044206e+00
8.447028596826553493e-01
4.314660647141948857e+00
2.946610323202831783e+00
5.607972823660329453e+00
5.782475658360677784e+00
1.445262431542194692e+00
2.524574952837646880e+00
4.966485445313068681e+00
4.258269793030790673e+00
1.075465891974722421e+00
6.485512971225223744e+00
4.070224057752743541e+00
1.818684121817453425e+00
2.482733606449780694e-01
4.042162276283799649e+00
5.161758937291206273e+00
1.590834084803659787e-01
4.021635825552689170e+00
3.163829720237180343e+00
2.698642255241602950e+00
1.417735430329394752e+00
2.319514084499878503e+00
3.074217634329062143e+00
4.043111740427888456e+00
4.291322872443262604e+00
3.249556818852912254e+00
2.408670085090426127e+00
1.592539416617307690e+00
3.198449830939147920e-01
3.117607205848793583e+00
2.810368868084023308e+00
-7.747947649721629304e-01
5.290568856004078668e+00
9.945878868814338469e-01
4.508978757865892639e+00
9.321401865401788278e-01
3.116561912527171518e+00
6.138847788570057418e+00
2.963391383171692262e+00
3.808950440220329359e+00
4.545285053257656749e+00
1.470434962581534499e+00
3.227495423586890233e+00
5.451224184605289125e+00
1.680614245943284235e+00
1.130741828681648853e+00
3.777314005711236877e+00
5.069723006356168682e+00
-4.790962138736150067e-01
2.469830114517984399e+00
5.006300769507513237e+00
4.997984604796361197e+00
