0.000000000000000000e+00
6.195449275993086147e+00
6.187658812749479154e+00
5.350533516112522259e-01
4.980952712276118355e+00
5.183531910448860636e+00
1.278111983864985257e+00
4.976863107595542068e+00
5.698036931282176809e+00
1.137357241088551296e+00
4.083125314740272960e-01
4.143530269995336468e+00
5.882276104866022592e+00
1.138669645581935397e+00
1.437219093560580641e+00
1.887084689710745833e+00
4.956122714129166162e+00
4.112174638630468060e+00
8.207708998585099280e-01
4.628443245381115290e+00
5.168360682706301112e+00
1.893004634209443537e+00
5.146215429105217787e+00
3.902174991768323054e+00
5.332400181756672630e+00
5.892007938835966963e-01
3.866028040139874111e+00
4.906058898214692654e+00
1.743557349784871757e+00
4.933553336090462871e+00
4.293762996925258868e-01
1.183237246216365390e+00
2.745833378800793256e-01
2.461345776047956235e+00
8.154782937515866470e-01
4.452899806387431880e+00
2.070246175324341742e+00
1.196075991494215174e+00
2.683700245999076195e+00
1.300743453623331769e+00
2.077854165796577668e+00
5.304470243637706695e+00
2.274239057988889923e-01
4.437961664332232270e-01
2.468254234098743893e+00
4.534023113140927208e+00
2.841029536952762058e+00
6.117926735425718299e+00
3.657072376696165250e+00
4.649057098053257953e+00
5.331067595704357842e+00
4.706530230106590551e+00
3.992523493712254457e+00
2.801210420323968719e+00
5.224824347542710967e+00
1.830611138066161381e+00
6.164699107559257207e+00
2.240439777834998036e+00
1.682231052824608941e+00
2.601911714958083266e+00
9.430298033236030886e-01
1.678434944220050351e+00
3.246376272702783394e-01
3.735307349898845164e+00
2.613255240051414852e+00
