0.000000000000000000e+00
4.613871940285943829e+00
5.631712041875990060e+00
1.926522592595214300e+00
4.985876509660865707e+00
2.776367279001402011e+00
1.626678590193516571e+00
4.658738236347875983e+00
1.038094361965862245e+00
1.008174565189914329e+00
1.791203276898291730e+00
3.774079821225671871e+00
6.165213691358187198e+00
4.109705455754113501e+00
6.611879730377085984e-01
5.849419011642184252e+00
2.972919102169656380e+00
1.270917066737027312e+00
4.812553710135355267e+00
3.982593821501719145e+00
6.713624538764632055e-01
4.059951249504976545e+00
1.428913424661697018e+00
1.501263210801377923e+00
3.514439074216570980e+00
5.188854838129311808e+00
6.979194313410992390e-01
5.354240858453461094e+00
2.322264140706203239e+00
5.868526804387950158e-01
4.328598950746833651e+00
4.886033741125068275e+00
3.090349975637876945e+00
7.705818928832127712e-01
4.600038001502861462e+00
1.348390685698052760e+00
5.335995826715193679e+00
5.906422762071894539e+00
2.622140045858055935e+00
5.380703970875531539e+00
3.298597342386591524e+00
3.841520815093614871e+00
1.543304390145043170e+00
2.030863602761441289e+00
9.362006140608429838e-01
8.827248536605112328e-01
5.614406585620606904e+00
6.041027455937825863e+00
2.618491785271907624e+00
2.019914228811571455e+00
7.923635162758361217e-01
1.225118808687881256e+00
5.930859121762653841e-01
2.367099402316338974e+00
2.409950653080474403e+00
1.360378680855541811e+00
2.050147638714600262e+00
4.625978369350165487e+00
3.908641521494844451e+00
5.091344792715046808e+00
2.999373081790349005e+00
5.607427327827957164e+00
3.882209688649415291e+00
8.871371614486724955e-01
2.900654859880827718e+00
