5.575905996486357763e-03
4.544327679041013646e-01
6.344262935406912440e-01
5.453720027636610901e+00
9.364969894541269602e-02
6.110569502864595659e-01
5.740410140911118120e+00
1.372099457311253712e+00
5.167060419757240730e+00
2.533944427676665612e+00
5.942432534560325053e+00
1.476641180028186451e+00
2.123817327151722445e+00
2.894721109963310113e+00
6.147245517608116216e+00
5.715181281478361797e+00
2.555580301431621848e+00
4.469091102251413261e+00
2.831395936688200443e+00
2.325646597310227826e+00
2.137460165593456640e+00
7.208901480024897390e-01
5.700492954992222749e+00
1.428170009483743064e+00
1.477298320978955415e+00
2.922404969897342275e-02
1.298507376125573654e+00
1.574201178784600197e+00
4.693300673347351903e+00
3.953959426559496837e+00
7.945376607397091062e-01
2.833148801839449504e+00
-1.936975320536237222e-01
2.633412606564975444e+00
5.460633000696566874e+00
4.970484649074903061e+00
4.259745371023110572e+00
4.711757061978430805e+00
5.244015291310817339e+00
4.708887929024636598e+00
2.096276635064409088e+00
7.329117041708581581e+00
-3.511082695448484725e-01
3.041158578409831836e+00
1.826467672673052434e+00
2.686677688683600795e+00
6.317711458975448835e+00
1.586877312120705374e+00
3.974812672535292246e-01
2.178753635877465733e+00
1.255562857078173833e+00
4.540301568273615196e+00
3.704801707639211905e+00
4.839853654923270132e-01
6.487421569887132922e-01
4.675965754961000087e+00
4.706597625497641602e+00
6.295246379369673129e+00
1.671177460448728613e+00
1.409517176529406335e+00
4.689082554215216803e+00
-1.155362021484268586e+00
-8.344026593129837827e-03
4.979343757187922215e+00
5.024135348860317762e+00
