0.000000000000000000e+00
6.160764291397401671e+00
1.757678543234442836e+00
1.289114683461686228e+00
1.035859352940960543e+00
5.968949861187505812e-01
4.264237239465122009e+00
8.652100415654352394e-01
4.590010884430722804e+00
1.788807494252815156e+00
1.697026404693806834e+00
1.788337353663952412e+00
2.629109645039508614e+00
4.063928382810065187e+00
5.645840524492954593e+00
1.989024125961004641e+00
5.062263993210387447e+00
1.766176815436875103e+00
5.055120255412880681e+00
5.799635083971163674e+00
3.330205491956500286e+00
5.459895364512768801e+00
6.194788251083020114e+00
1.523875515106369427e+00
4.605127229342009798e+00
6.113094296862461974e+00
1.924580321536570438e+00
2.816135040468106254e+00
4.950540812535831670e+00
4.427839822765410327e-01
3.438801216412534334e+00
1.345707910438070920e+00
3.862398616591922629e+00
3.598077432465589975e+00
8.279600256616275189e-01
3.206517720991836295e+00
1.157564315566422142e+00
4.834877308409535779e+00
1.195888176348530868e-01
3.436342744717496567e-02
5.586631607923445486e+00
5.119535538796116114e+00
5.310026866252635536e+00
6.958481833501441172e-02
3.379514780205826519e+00
1.473113930355500312e+00
1.606564656127870361e+00
1.548777587778584985e+00
5.139671999826625814e+00
1.103564373639481344e+00
3.750206943736209553e+00
3.351413621964976830e+00
5.344531371408637099e+00
1.524047719087333608e-01
5.942650553782246270e+00
6.259836165214371917e-01
4.481687310914552747e+00
3.608812459711846721e+00
1.369660872636839499e-01
5.081855552759027006e+00
5.454408027751237675e+00
5.934827348986567053e+00
5.988471955068153108e+00
3.598741626084109413e+00
1.943948398668003730e+00
