4.894536923276533447e-01
-3.577795580503283224e-02
5.658661610216883520e-02
5.882601448189836435e-02
1.518340762636264107e-01
-7.993291898357679504e-03
-1.662842512447811061e-02
1.655461125785330223e-01
6.830181988147936145e-02
-7.521526861745483905e-02
1.670353186528873990e-01
7.553751577309336662e-02
-3.290709787729920871e-02
-2.195101036692754387e-02
-7.951802479962256920e-02
-1.040131553040145040e-01
1.126792714042319093e-01
-1.340257133944811746e-02
-2.405064832364652364e-02
1.713781519412650028e-02
-9.960902147127724537e-02
1.577735603073384674e-01
-9.816454530269386192e-03
8.624196749899823433e-02
-9.469579767886421306e-02
-1.712068663351190567e-01
1.874607928785570077e-03
-1.433408317155130951e-01
4.182903461847894966e-02
5.027606367706064644e-02
8.983882123277745976e-03
-2.031012514536266467e-03
-1.221350634490760839e-01
-1.511357362402321325e-01
2.032721080950921078e-01
-1.067658444625736724e-02
4.142234695918330101e-02
2.179075789610843694e-01
-1.560702100083892763e-01
