5.511518823162956521e-02
3.772376957717156198e+00
2.274020982347085048e-03
6.565911566575340919e-01
5.911107407830423988e+00
5.624647618327161425e+00
5.498102743938299675e+00
6.225724298417540936e+00
1.553657512452243594e+00
2.923235127790831389e-01
4.861419655901690895e+00
5.355708987603112092e+00
-1.634792062969959714e-01
5.458133657392575167e+00
1.759188698918336069e+00
4.271213848257501056e+00
3.868666611975732916e+00
3.849408449614220906e+00
3.506659690234764870e+00
5.204655549462849251e+00
5.664007928376237899e+00
2.289194429775978978e+00
7.657643731231631445e-01
2.463293055380670893e+00
1.838123799759439070e+00
5.966132674615876930e+00
3.942211153878818486e+00
2.448907592863962090e+00
2.561998397053227627e+00
4.207117664040892713e+00
1.457766731887108591e+00
3.938933748950000369e-01
4.846765237398994230e+00
1.172114298346586869e+00
4.117048086867597156e+00
5.739100252031790639e+00
2.514352637475520513e+00
2.623092833680729097e+00
4.755212632637473291e+00
