-7.185128015548468416e-02
5.275937150717288117e-03
-4.142228436250917738e-03
-1.089766544428590750e-02
-3.166634797022117864e-02
5.534981927007112147e-03
2.242756312225992991e-05
-3.004508077392900600e-02
-3.691862794236877576e-02
1.421383859146864263e-02
-1.545741544907790199e-02
-1.250449953072826914e-02
-6.458140988399557747e-03
2.181042213826909961e-03
3.310896401338832631e-03
2.422755419568537946e-02
1.368739154943119513e-02
9.563349570768917007e-03
1.406924794183989080e-02
6.488582039255503045e-03
1.064954611805294478e-03
-2.768861615154785249e-03
1.478670002812693075e-03
-1.687460907903882978e-02
-8.803426736373215489e-03
2.809742231317665165e-03
7.279246080650162397e-03
4.481731539596162973e-03
2.989182684780002618e-03
3.910822201535052965e-03
1.015534501745820120e-02
-4.271090074095625425e-03
1.533358533710888275e-03
1.439349119188542553e-02
-1.253862439355350744e-02
7.462073933987543178e-03
-4.569034424002602589e-03
-1.263514772593103686e-02
2.100507805515453366e-02
