3.214759887291682855e-02
2.640747559448528015e-03
1.026954883040877113e-02
5.633168409169929738e-03
8.267894324815849155e-03
1.104751256031519940e-02
-2.144994607098366698e-03
1.689937215238631468e-02
4.366130234746204430e-03
7.682803010222044333e-04
2.704426698485631973e-03
2.084697902099193027e-03
2.445622672107787988e-03
2.147880450849497507e-03
-2.329589570839368361e-03
-1.165967600163225607e-04
2.295521556006984397e-03
7.550290583521796937e-04
-6.719059670507771150e-03
-3.959313344178007170e-03
7.290948341713625281e-04
3.943133419226221154e-03
-2.567868856010562841e-03
7.847418459907945162e-03
6.603481886828131350e-04
-2.328300285888730819e-03
-4.568034289938512765e-04
5.094412127563112402e-03
3.488553233464540809e-03
-3.098032980552673475e-03
-6.825929174520285053e-03
2.121740143267056202e-03
-2.732669338150433506e-03
-9.431763568704250268e-04
5.666638547989051589e-03
2.660542261117508373e-03
1.656985719635104687e-03
9.050175764754022842e-03
-1.321273939518022647e-02
