5.040785604606337622e-02
1.827724609004772668e-02
2.587983705492437336e-03
-9.429367269110519589e-03
2.408928839145790465e-02
1.556159456973257860e-02
2.481588699544105651e-03
-2.103349591189710051e-03
1.241741954234923222e-02
5.210969451699069832e-03
1.198641249165313021e-03
-9.230456743471861063e-04
-2.155242890980234934e-04
2.470929416293290992e-02
-4.080011442646304734e-03
-4.118909347782037243e-04
-7.566255998948412734e-03
-1.494073329383759433e-02
9.375708576852015766e-03
3.218021835588145280e-03
-3.285449359735419586e-03
-4.149987753741153640e-03
3.329162499939004351e-03
-1.748524630432100532e-02
8.145822834287278630e-03
-2.457109819430599619e-04
1.131120905139495342e-02
4.345900802522728590e-03
-9.930496287199606573e-03
8.285809610510526347e-04
-8.884731163338923862e-03
2.405689378908763137e-02
1.312101476038125131e-02
-1.309499774470323022e-02
3.667557335156061867e-03
-1.599868832592542386e-03
-3.375117126094758727e-03
-8.828872905594175799e-03
2.311356505724337495e-03
