2.786514266698836284e-02
-7.312683029477350626e-03
1.755353674244579734e-03
1.104703281859647709e-02
8.747405497849525258e-03
3.331090629855871545e-03
1.302190541284856291e-03
1.455056475982367120e-02
7.444365705227675399e-03
5.136046696532129731e-03
2.662711918539053743e-03
-7.697440754142458605e-04
-2.156018428924455412e-03
3.273971037662561090e-03
-2.021024398575347377e-03
-1.153487733849050713e-02
-5.050433621132418942e-03
-1.895267357828513306e-03
3.957157586988962854e-04
-6.116124744107352901e-04
8.261656016743010658e-03
3.465902145328476555e-03
-5.578736155527871986e-04
7.562579094297027481e-03
6.927183453307237185e-03
1.242525171537929227e-03
-4.176662865368096882e-03
-1.124304612794797776e-03
3.866705930715324483e-03
-2.734462195636434140e-03
4.168341325938288398e-03
2.990348591674060318e-03
1.263577103869251844e-04
-5.761520394806284896e-03
6.641419440620530482e-03
8.688428931021181800e-04
2.900587390747016818e-03
6.975933318243037091e-03
-8.873193919197568461e-03
