9.577505397785301966e-02
1.571413334061935903e-03
1.453994945960558269e-03
7.059841152281625537e-03
3.623292981645577504e-02
1.805539164471575133e-03
4.930494736405606308e-03
2.717056790905411287e-02
4.260783027512052290e-02
2.394478034780725609e-05
3.552520777402654387e-03
9.372972810416694070e-03
-2.442930344096406591e-03
2.013440812415615705e-02
-8.938196686484272888e-03
-1.733612043114689596e-02
-2.159328772857896719e-02
-3.024725500636315026e-02
-3.890313078021459797e-03
-4.882414893892579599e-03
-9.258834174798780993e-04
-3.172955084172539471e-03
6.859091112595844426e-03
2.392026650498734960e-03
1.235614615128308169e-02
-1.616724005124092756e-02
1.009548101911802477e-02
-7.304295047547060618e-03
1.761380192238773401e-03
-1.527782397386030777e-02
-1.532775020168754623e-02
2.868955609441014090e-02
1.593199936374178546e-02
-9.655036439616930186e-03
4.769285463777317609e-03
3.224952353086794508e-04
5.410278959912100463e-03
-6.387885269574198298e-03
-1.180073045444090044e-02
