-4.629082616365026021e-02
-1.788391063129833591e-02
-3.960423080461758158e-03
1.073275577048871110e-02
-2.258924343546061739e-02
-1.433082747663438385e-02
-2.285432209253649674e-04
6.673958230069242104e-03
-1.314867293438090612e-02
-5.477944468016048875e-03
-5.222212868106273879e-03
6.544669370910135425e-04
-6.650577126189485908e-04
-1.650822608322604843e-02
7.286592125268509697e-03
-6.793423501734126291e-03
8.891786490201031290e-03
5.823316482005349952e-03
-1.280001338632205145e-02
4.024007818946720785e-03
3.558508053924661334e-03
6.415120082995003081e-03
-4.844376014486433818e-03
1.428517918366917910e-02
-5.677144811902384153e-03
-5.372451634847758006e-03
2.836295778257037661e-04
-2.881044645053600518e-03
2.217458159752187070e-04
2.211119852102950913e-04
6.605226918726481676e-03
-2.340446963334187960e-02
-2.146906792626460114e-02
7.970870948527138469e-03
-3.618949828597672457e-03
9.826868566976832559e-04
4.606695857699222470e-03
6.788637063871150699e-03
5.651930044277495187e-03
