8.522557009117814886e-02
8.357866041366899743e-03
6.873350688861481171e-03
-8.354728344743007212e-03
3.733015406866876246e-02
1.160885638034698381e-02
-2.620590811339094765e-03
2.686438344227865677e-02
3.289342706980177139e-02
5.634181816984539307e-03
3.807153467476781517e-02
3.924779853735723377e-03
1.488122273674827994e-02
-4.249962093643664361e-03
-1.049552947888563598e-02
-2.999221704373565556e-02
1.027274319100698885e-03
4.507432127989746858e-03
-7.450616919571550166e-03
-8.273300404030034180e-03
2.448747370805385778e-03
1.071398996069350233e-02
-3.585572348081333266e-03
9.602825256411432614e-03
-2.666227302227807197e-03
1.506193989293471217e-02
-2.044107305710208058e-02
7.325919828469421718e-03
2.576464649287918667e-03
-3.480440803722355605e-03
-5.345430977527238815e-03
2.505788915015376775e-02
-1.496838469543153131e-02
-3.511577264097958534e-02
3.581837805560773857e-02
-2.785223499720282381e-03
-3.881292288230794862e-05
2.085126998372938828e-02
-2.332567087609327058e-02
