7.666066158670914975e-03
2.196029155328186461e-03
2.441786634685572371e-03
-8.513518625150776715e-04
4.265611870402139134e-03
9.495942178141241613e-04
-2.144471606992644848e-04
-3.730529351454152029e-03
3.109652959861387931e-03
2.550549142134097939e-03
8.262660258398055353e-04
1.898259238964416303e-04
3.309194240812721871e-03
3.179219945402682410e-03
-1.549462007279886911e-03
7.515522576020937937e-04
-5.185606395953994141e-03
-4.468334590593731059e-03
-1.314336673962409198e-04
-4.507921002970925609e-04
8.151591656546629261e-04
-4.054900840038918913e-04
2.886071727032154567e-03
-1.888781241430086176e-03
2.370208259150767202e-03
1.310033984398108816e-04
-5.302113491237737779e-04
2.501373482983362817e-03
-1.017908475174870465e-03
1.650464271979368747e-04
-1.195271926628810061e-04
3.008276901104984732e-03
1.261417643843112425e-03
-2.604297922957580797e-03
1.433670205112828585e-03
1.325805586665704944e-03
-2.143937876197590884e-03
7.667943464406245645e-04
-2.772740363232331032e-03
