-1.180195018202235061e-02
3.770572173238658120e+00
-1.244936532672482471e-02
8.524787122763612945e-01
5.883976879014376493e+00
5.663950507476959828e+00
5.556381972884708809e+00
6.442780192124809346e+00
1.539541442073854682e+00
5.175931995361703758e-02
5.353342812471579393e+00
5.526642949980722364e+00
-2.438901747004140752e-01
5.505900539989733389e+00
1.793354337218496353e+00
4.356874154419474010e+00
3.917863006036754303e+00
3.685517480543962332e+00
3.710265718903119403e+00
5.716790884308792009e+00
5.235507683744345719e+00
2.463717837650649223e+00
1.020393661516568073e+00
2.405920489861800071e+00
2.009629293369469938e+00
5.865102484404964400e+00
4.233664470184902662e+00
2.529764237803529436e+00
2.187171784698154209e+00
4.101969027772748078e+00
1.624370986733870703e+00
5.815899966126777398e-01
4.693426341579133521e+00
1.321243541445406677e+00
4.192330729449171400e+00
6.028135869119452650e+00
2.303045933349376462e+00
2.429779507091204049e+00
4.888617342663868826e+00
