2.812287120460089246e-02
3.761038048124148769e+00
-1.442197371769715630e-01
8.079756164950817610e-01
5.833166426554146078e+00
5.595619645732659464e+00
5.575713778605537740e+00
6.246344039277812676e+00
1.458361538054982809e+00
4.031317591590989624e-02
5.302444600897854521e+00
5.543872235319452280e+00
-3.226702105815369426e-01
5.478470328491454211e+00
1.766749067021278430e+00
4.176893387516948053e+00
3.909016309578274839e+00
3.631581615999591506e+00
3.698147920022308632e+00
5.519574060943160276e+00
5.539698620198088008e+00
2.731519731696305797e+00
7.864277652509183980e-01
2.415829119102996358e+00
2.144975987810035178e+00
5.826723216510606207e+00
4.254247171536774452e+00
2.423884362563879513e+00
2.253880955083893411e+00
4.171780160508800073e+00
1.440197735715157412e+00
5.696876616158554896e-01
4.700600572939755750e+00
1.310320746187438656e+00
4.086128377159583991e+00
5.933272738618692088e+00
2.171530460064117651e+00
2.543389425454528396e+00
4.924451909224207391e+00
