2.865236954607304487e-02
3.909885059040514310e+00
-3.041927005735329259e-01
9.218482589024611373e-01
5.848134418376373489e+00
5.515983956601127502e+00
5.368835233154515052e+00
6.334193809767007188e+00
1.449235684753896303e+00
1.732626782155421152e-01
5.152404101476514064e+00
5.984691330243106400e+00
-2.613279206937633714e-01
5.528650177216207773e+00
1.653385518175290114e+00
4.354353339243283827e+00
3.696056406291563512e+00
3.768937047505442450e+00
3.849937057301151988e+00
5.643545607092872451e+00
5.239132311919436624e+00
2.783802539501597284e+00
8.818521589818769657e-01
2.379010196391537768e+00
2.355383716602046817e+00
5.898532884608473914e+00
4.517659354947128669e+00
2.558724726476994338e+00
2.065675544986828704e+00
4.088719006579850657e+00
1.658564837859368479e+00
5.899161004638852068e-01
4.379819714024594468e+00
1.262044396846092820e+00
4.290851042465427589e+00
6.228600133064501776e+00
2.217877411273104116e+00
2.634401605763499798e+00
4.906906495235188181e+00
