6.861166119313716338e-02
3.709300778573120905e+00
6.280073696961568919e-02
7.590135964021091919e-01
5.822001871904736170e+00
5.604081651111808782e+00
5.818476606910391702e+00
6.311182879019095360e+00
1.416332864054983709e+00
1.887479655911741272e-01
5.280438238179740118e+00
5.628020701558210881e+00
-4.050825271060827237e-01
5.397843463627880922e+00
1.612801659722923109e+00
4.156653733675542917e+00
4.021681425170217317e+00
3.633650755024787404e+00
3.884984830181645421e+00
5.560496539302218544e+00
5.480278258812036007e+00
2.623945366623468889e+00
1.167278495960673901e+00
2.395146429789600351e+00
1.999613843256251577e+00
5.945411657747521339e+00
4.176572299318203285e+00
2.491653341416107281e+00
2.350490092375288942e+00
4.111627672401628963e+00
1.497161483070292842e+00
5.712421436245955775e-01
4.682049098675301835e+00
1.440692676367129721e+00
4.250754731446648726e+00
6.330275460222908990e+00
2.424416483557887414e+00
2.321910515726238522e+00
4.880880179166076083e+00
