1.237265465357960392e-02
3.815945861001292183e+00
-8.687105407620519804e-02
8.318278932867760878e-01
5.833685713411521867e+00
5.580760648087210285e+00
5.873403316012290709e+00
6.330374036838564145e+00
1.381800745090537408e+00
2.627954060073456888e-01
5.254321826010706076e+00
5.777139378637341949e+00
-3.650140675312160687e-01
5.591090575808647323e+00
1.655623954760031102e+00
4.256254783048765589e+00
3.899102535414779247e+00
3.640749973381707694e+00
3.890764928053478844e+00
5.632443418929139689e+00
5.225361133996979213e+00
2.865221849659936204e+00
1.170867209550894295e+00
2.411580341660169324e+00
2.216634151559451649e+00
5.985609973659000715e+00
4.187000490565872646e+00
2.599603838084934893e+00
2.199090143627225657e+00
3.958480791266829169e+00
1.496936687303011659e+00
5.643488872595608941e-01
4.602208675556849649e+00
1.427242828269773778e+00
4.343406132903743000e+00
6.463361380314358584e+00
2.358965442996125983e+00
2.413269625217052905e+00
4.924256180531493499e+00
