3.602309796953784976e-02
3.925711893407716868e+00
-1.782364876500885931e-01
8.373753884238031020e-01
5.826453015651537726e+00
5.533597199872011707e+00
5.513234249341756765e+00
6.311800517872011795e+00
1.477850642608659948e+00
1.551418352339317408e-01
5.081414575010930079e+00
5.804167480061700246e+00
-3.528593416658230009e-01
5.515853254649695891e+00
1.707024193901217624e+00
4.313794623310315046e+00
3.867137959055999108e+00
3.704136298021827756e+00
3.733642929140134736e+00
5.589684808934604732e+00
5.389121117668485894e+00
2.643310621842261732e+00
1.109235963437126715e+00
2.406000560520461296e+00
2.281377421007467987e+00
5.934841102101112931e+00
4.331258922515202059e+00
2.635011128549407999e+00
2.306218164479957533e+00
4.003712051535921468e+00
1.500338649331146135e+00
5.200743861042231853e-01
4.539058658122800516e+00
1.314537718072350536e+00
4.251213976322750554e+00
6.390953981422814678e+00
2.304829387781164751e+00
2.574433475263060433e+00
4.904961076084911831e+00
