1.032953437506965375e-02
3.862434739690594476e+00
-3.893541683520054114e-02
8.201541544692351193e-01
5.886332503239702696e+00
5.631936216691352470e+00
5.836696683788687778e+00
6.358399249270791920e+00
1.472992477560923996e+00
2.235320002870181122e-01
5.352636233674647137e+00
5.648142282874692555e+00
-2.971359422535317374e-01
5.563945721741460737e+00
1.631432110107162714e+00
4.339343870253512314e+00
4.104129539974954888e+00
3.661533562211208181e+00
3.777237244068131883e+00
5.568933991219468638e+00
5.470769598145455603e+00
2.667260153685030666e+00
1.276757275074123177e+00
2.469515365518929251e+00
2.207524136930831382e+00
5.921010848572300311e+00
4.163632445402718929e+00
2.562516604804660592e+00
2.616553401041876725e+00
4.226003529472597720e+00
1.512120641316265335e+00
5.452540529749280163e-01
4.682185134085179001e+00
1.415144189087067517e+00
4.103873672161314268e+00
6.355733638298996624e+00
2.118052640270939868e+00
2.459650792444618705e+00
4.887002140088140933e+00
