4.135263528497622881e-02
3.729436060104250217e+00
-7.634991893187083323e-02
7.588326187209696316e-01
5.881358211678938019e+00
5.724175836770040604e+00
5.534580202914110458e+00
6.280930658957610824e+00
1.449725495624211380e+00
2.519102883608232424e-01
5.300522226017938543e+00
5.717772758591546989e+00
-2.745149511593952263e-01
5.323158315203706081e+00
1.562972349384854187e+00
4.402546753794791989e+00
3.985984312224108539e+00
3.652036461905621589e+00
3.903842820691197257e+00
5.512514983190441420e+00
5.352355180768577192e+00
2.429870153824810863e+00
7.724507210129354373e-01
2.500688926935148881e+00
2.148773230229604536e+00
5.869167311376722651e+00
4.058013217717590493e+00
2.518787322048526622e+00
2.294507156094777844e+00
4.133699991177492983e+00
1.371737570386485583e+00
6.067354983213633091e-01
4.543178034535445775e+00
1.395138965488205374e+00
4.043481603628372056e+00
6.253502742220495847e+00
2.318443642637257884e+00
2.549849762438758827e+00
4.902971394936590954e+00
