5.903863566374036725e-03
1.864257720635489890e-03
-1.650579832589236379e-03
-1.221300729683160932e-03
2.120290044612446051e-03
-2.442831762610245261e-03
9.182258997749402629e-04
-1.774113497169521603e-03
2.490228000613355433e-03
-3.721881388697202697e-04
7.537168553672056459e-04
-1.555129754084085686e-04
-1.918126821384615738e-04
2.622177745797331719e-03
2.504332171732138665e-03
-3.312947283856931130e-04
4.824833882302679428e-04
-1.217948970844151546e-03
-3.349845784604826154e-04
-4.178317721925239175e-04
6.878895452658729398e-04
-3.387919726932728942e-03
-4.837144428765111775e-04
-1.184949917728455107e-03
3.459958704363653298e-04
-2.576003611809429827e-03
