-4.908376616444791582e-04
8.899845212449627964e-05
-5.507340915141318736e-04
9.720952659757214507e-05
-5.848979146746676253e-04
-6.912198437882449741e-05
-3.760876028708305609e-04
-2.461576403645857882e-04
-4.998379445946013683e-04
3.442248078154656324e-05
1.470963654345364613e-04
1.432814992598441728e-04
5.550580224360690453e-05
2.279264106850792458e-04
2.406164732537903516e-04
4.568143342591879765e-05
6.565748307013781742e-06
-1.039309457663597212e-04
1.917072078128651143e-04
5.309007708941096719e-05
-2.036300770997455335e-05
-1.367322848157322287e-04
-2.494889844898389017e-05
-1.719040593619274417e-05
-8.713705407928178624e-05
-3.511519991121735953e-05
