9.693917198095539783e-03
-1.009744366299667601e-03
-6.181077030417703178e-03
-4.838511857613216754e-03
3.719640584041658538e-04
-3.329701068360314820e-04
1.066507672106697946e-03
2.827988918074116759e-03
-2.008567929492020843e-04
2.623982258418474517e-03
3.116614406058638292e-03
1.189362016263285221e-03
-2.543010042181746005e-03
-7.445150143094159123e-03
1.787871614265194170e-03
-4.095880369624823464e-03
-1.457091984775112786e-03
-2.049658532363250046e-03
1.700230618188053322e-03
-7.329391813522961874e-03
3.244036435963090770e-04
1.228151524164562691e-04
1.276304550327372889e-03
2.858122312226433342e-03
-6.742086679526956838e-05
6.416990571724012771e-04
