4.025117538103764603e-02
1.907061680664692838e-02
-1.670544606292845291e-02
1.220537876062827154e-02
-4.240000865598364532e-03
2.359944131606617201e-02
9.372007488649136686e-04
-1.050940331287497642e-02
1.149361327250006393e-02
-1.735083181731572610e-02
-8.245947273523984711e-03
1.587928271078870024e-02
5.556560411443256520e-03
1.334552354259957441e-02
5.567729786330050112e-03
-2.858529134100798452e-02
-1.618052990638024768e-02
5.404799238370450176e-03
-5.552498586781917655e-03
-1.252308573897534250e-02
-1.559897181042935177e-03
2.193711302238623984e-02
2.092755066462892444e-02
9.316297449202953773e-03
-6.891272840998247107e-03
5.503873817206544894e-03
