-4.437876617027162324e-03
5.638741488402825627e-04
-3.807934094829628757e-04
3.970423842879363362e-04
2.674911025610183981e-04
2.199399114591484624e-03
-2.273360407360053553e-04
2.028207458668003504e-03
-7.463132640604262704e-04
-9.336871993299107522e-04
-2.384422841735390347e-04
-6.864781564242449993e-04
4.037954817689732179e-04
-4.427127694523131166e-05
5.868347381959208939e-04
4.690083883904987237e-04
-1.324555091293761009e-03
2.289667158214596810e-03
2.071733006806973035e-03
7.109988189564833694e-05
-2.169391644880262586e-05
1.038130107780397193e-03
-1.118659509269988740e-03
-1.379968883795731774e-03
-1.281204901895584454e-04
1.345467309089273854e-03
