-1.751375321528661835e-02
-9.447926061157329788e-03
-4.636461738220494858e-03
-3.772300952512019911e-03
7.144257440819907698e-03
-2.598513386479735579e-03
1.766510980192020214e-03
-8.001505641738867677e-03
-4.739515358138674667e-03
1.612258756025514855e-02
-1.182082415133491049e-02
4.622670572067624772e-03
-4.380873551835910706e-03
-8.077997625736792198e-03
-4.572677572418741565e-03
6.276441715804496196e-04
1.096976407429536664e-02
1.155370127234279717e-03
-6.765347037603454752e-03
-1.140435813913229755e-02
4.530888811382118020e-03
2.768111766646391692e-02
-6.816270140550320655e-03
6.793310211236636142e-03
4.497786718809029805e-03
1.513477061775361787e-03
