-4.978687119995171655e-03
1.679937076052423744e-03
1.396978260067432975e-03
-2.042111022552376299e-03
-1.164525404868244204e-03
-2.284513371288425954e-03
9.818206600989008888e-04
-7.618028964270252834e-04
-1.702048706189301106e-03
4.315296314659727676e-04
-7.030769239879956691e-04
-8.118857677623901592e-04
5.146974713328476923e-04
-7.431511216442947352e-04
2.413927564781648272e-04
1.701341415568779353e-04
5.237790582184845452e-04
-7.901516193153533454e-04
-4.220673731846445731e-04
2.014839275950926645e-03
7.114359594468473366e-05
-8.658455253297771444e-04
2.858924425322428853e-04
-2.800394883703278409e-04
4.018144540037763175e-04
1.574552680791007232e-03
