-4.259046116119740398e-03
-1.615190569929036112e-03
-1.364311405684234466e-03
-1.212252147385491866e-03
-1.612627631393049113e-03
1.152000451208981015e-03
-1.112995613624230508e-03
-1.800914350101861378e-03
4.700462990265706544e-04
-2.603916786171936969e-03
1.130704647207998736e-04
3.997259416369837448e-04
-9.049627461787078386e-04
2.632341852563317534e-05
9.916889116225906849e-04
-2.689255399331648682e-03
3.078005268741280942e-04
1.179458410617757226e-03
3.288602972838922112e-04
-2.032195450736877171e-04
3.666271146130764200e-04
8.661133641611317574e-04
-8.127046734220902575e-04
-8.594688685859106121e-04
-5.298896742125368958e-04
8.179645041129319713e-05
