-9.517679382047375750e-03
-7.192358744440453117e-03
-1.318692514397108023e-03
-6.090434759506977748e-03
5.068095865464546275e-03
6.185833598549694140e-04
9.239223620248699156e-04
4.673561814446162109e-03
4.890223992350291315e-03
4.971604062405012708e-03
1.884096841080684301e-03
-3.992462132109460965e-03
2.190324526095345677e-03
1.778163167382405818e-03
-5.341510199172801350e-03
2.984922004324055099e-03
-1.572868765231118758e-03
-2.503432764095012836e-03
-3.242711587257956357e-03
-1.517942570955239240e-05
1.983288150543679670e-04
6.642721135251185988e-03
-1.574987577694381830e-03
2.603390510168366451e-03
1.916535616528478904e-03
1.300349199181267089e-03
