1.954695992808825125e-02
-1.272300040170738777e-02
9.295726332371511205e-03
-1.854763621728377013e-02
5.765961176671264427e-03
1.075394948831247428e-02
1.017368412144182763e-03
5.920101294360239838e-03
-2.805263936319886756e-03
-3.963267509858071913e-04
9.314180767535772815e-03
3.170320319473025200e-03
-2.063571334615750194e-03
8.769055551816453201e-03
-9.882148423949032451e-03
-9.156065991923045128e-03
-3.992987386049196008e-04
7.024547253283493914e-03
8.404135029495447828e-04
4.085187714638564144e-03
3.688596924374034497e-03
8.667265596906410102e-03
-1.987950646383396941e-03
-8.387326572742263842e-05
3.542990833035235612e-03
-3.830240768380299005e-03
