8.092400390097991697e-03
-6.814842378223009110e-03
2.063720927342736246e-03
-7.547527823368184452e-03
-3.024780852425488185e-03
-1.021803320314053007e-02
-4.131959709823863902e-03
-2.526706260702843519e-03
-1.118404335668284760e-02
6.082012920637785980e-04
4.768950725381822416e-04
-3.691928308750293264e-04
-9.720046609365843790e-05
1.865827233824880488e-03
1.039385378156701921e-02
2.600894980479438387e-03
-2.605095963438292667e-04
3.185366789131352516e-03
2.803742904755298151e-05
-1.443959685978532526e-03
-1.080284188723101314e-04
1.015225883029447114e-03
-3.307299828222824180e-04
8.450776834700315064e-04
1.459400819186747536e-04
2.165424336763037590e-03
