9.850316898956873804e-03
1.983953376150648040e+00
5.078661612917909629e+00
2.288832041167841336e+00
4.865237670995091968e+00
3.553798161982441250e+00
1.641248598208478571e+00
6.298136278164130353e-01
4.244563177889824623e-01
4.131353545969017382e+00
4.346183739101484811e+00
4.625705681052185270e+00
4.972525381805253275e+00
5.265313395330429858e-01
2.077976027904390399e+00
4.619299887454949349e+00
2.041542299139228245e+00
3.009577490594641080e+00
1.111187038260501803e+00
1.974298050651202452e+00
2.747743584726325849e+00
3.345900384894771040e+00
1.864561331317876380e+00
1.788009115553780504e+00
4.177277237691487954e+00
1.445487819288113540e+00
