0.000000000000000000e+00
3.082053233095928491e+00
2.834948830117405727e+00
1.589272114375426537e-01
5.543703545176286163e+00
3.748962622184489835e+00
4.957580928139191379e+00
1.099624991969654353e+00
2.919430816336534562e-01
2.512785825894318759e+00
6.810522149445367157e-01
1.184601172861785789e+00
1.104457527130436434e+00
2.266147488074271799e+00
4.519258837368139714e-01
1.209065479111161467e+00
3.482474238212994067e+00
1.555784759487229163e+00
5.080548630358571849e+00
2.861537643940520681e+00
1.830044295664859710e+00
5.443106295892461866e+00
3.851562245727055078e+00
2.938141819299004087e+00
4.038492911672926233e+00
9.353127358124374569e-01
