0.000000000000000000e+00
3.526128959457613288e+00
4.804517481768108667e+00
1.618228842679884538e+00
2.793346814168974568e+00
3.628777173739580419e+00
3.812189063263824895e+00
3.422286388024395887e+00
4.705932978622948681e+00
5.532437930602476683e+00
1.552794982211705310e+00
5.302742221914192200e+00
1.967798135888118860e-01
3.644447835063097330e+00
4.032114553655302913e+00
5.329430270766813971e-01
5.366231388731730334e+00
4.095412195946755318e+00
4.681573871414087762e+00
5.233479434131804275e+00
4.398317509385264223e+00
3.967162414041800478e+00
1.367718094120030203e+00
4.187972045707528679e+00
5.928330807726612584e+00
5.601112360754816777e+00
