-5.152615580360796199e-02
6.037575735957445566e+00
4.469108763133775142e+00
3.317989317961565821e+00
5.028951489502020422e+00
-1.295908001113389718e-01
1.688995479945493372e+00
9.337267250048246758e-01
3.632583430946694225e+00
4.923645056800028286e+00
1.708639564041305681e+00
1.618037259450530563e+00
5.605185409685732090e+00
2.792055750380036283e+00
1.826091955952352242e-01
4.868029023302641534e+00
2.618408693410658294e+00
6.304292759988660677e+00
1.481820482208534795e+00
8.810329149053440778e-01
-4.073934044758838885e-02
1.107472482683705461e+00
4.018211858726939312e+00
4.023364266736658479e+00
4.785983452335329069e+00
5.367253077712634379e+00
