0.000000000000000000e+00
4.422769924709780476e+00
2.531775363923220556e+00
5.464304363315011237e+00
3.199530212942545582e+00
5.999544021761209045e+00
2.078036869298087286e+00
2.243146206999304948e-01
4.190860015654434889e+00
4.479817943379677203e+00
6.165705042463385688e+00
1.445510124097541871e+00
5.752227048177156910e+00
3.923667428337979324e+00
2.817657030958740094e+00
4.841216019866756426e+00
3.862530366733008869e+00
5.633234373702875608e+00
2.560832233486336484e+00
3.294444918689368951e+00
9.478738890235249848e-01
2.784978870472251788e+00
4.211638612340787624e+00
4.855872170322737880e+00
4.828672929471311548e+00
6.822340806600911689e-01
