0.000000000000000000e+00
4.880229491958214538e+00
5.640021987345354759e+00
9.950304958745539996e-02
4.239131173395206176e+00
7.192835206554046845e-01
1.577167535970779744e+00
3.858427675834272375e+00
2.256006608116623458e+00
2.983549818388786523e-01
6.204064819490621829e+00
2.103738824605073443e+00
4.768608387776912316e+00
5.576626444464094501e-01
5.308640251870989424e+00
1.140556597659129867e+00
3.246599337508581318e+00
4.469948195828004955e+00
2.386223116354765139e+00
2.205957970612912045e-01
6.146392182690493478e+00
2.584538282852918201e+00
3.135269123377225853e+00
5.514238503867404440e+00
4.401503848225631066e-02
3.607520462134435668e+00
