-2.326719344005670487e-02
3.893799894858803512e+00
4.996137358062929579e+00
1.741796226496978184e+00
2.572635243999571220e+00
3.282293288383219654e+00
3.470685458519775946e+00
3.346580109848774853e+00
4.878764660603573944e+00
5.275090321234569224e+00
1.941102403332459980e+00
4.808874200560725676e+00
6.710301712672916974e-01
4.135727814900732824e+00
3.481028665595518934e+00
1.201750169925888789e+00
5.916468652868720035e+00
4.508426159065744621e+00
4.164709620094694920e+00
4.739617421113214490e+00
3.518536366414080518e+00
4.462981460420615498e+00
1.998601041402127798e+00
3.815015966982790996e+00
6.742178878068034287e+00
5.781394481277991382e+00
