2.360120700728144880e-02
4.681979510103198905e+00
5.495916374329916643e+00
-3.017398125214567073e-01
4.162210615743449083e+00
4.974522259458371565e-01
2.074202748700575416e+00
3.953596492434504395e+00
1.827509543822110061e+00
1.003573895575037511e+00
5.124763625220222885e+00
2.539225240199017186e+00
4.221799297785041816e+00
1.199030809326133706e+00
5.363942850433820908e+00
1.140068312250445581e+00
3.486039796914394362e+00
4.575203316541336385e+00
3.273830385423731837e+00
9.179411970626593087e-01
5.548234730652026769e+00
2.199209703591508802e+00
2.539654971099498670e+00
4.735497882043326001e+00
-4.985357548185317955e-01
4.176563215315114874e+00
