-4.805754945981682846e-02
2.426727993167667297e+00
3.612844770659283000e+00
2.742305999075161704e+00
-1.581414598298670482e-01
3.075785394379306315e+00
5.418915337128543008e+00
5.128935576789870332e+00
1.176870640274136459e+00
2.546743561245126575e+00
4.254480500508821983e+00
1.305793250913680259e+00
4.190511778272341670e-01
5.412755184978071732e+00
5.654303382226552044e-01
2.413134205289175327e+00
6.492464284532628582e+00
4.792395477692335426e+00
4.631004607034108211e+00
2.654616329378766348e+00
2.201901707958940246e+00
1.618976847296416777e+00
4.379588802602826902e+00
3.269465516323321719e+00
2.855395278772340006e+00
1.261648082026540330e+00
