3.558553686542682837e-02
3.131305426709113160e+00
5.130447571096635073e+00
1.872097390671433992e+00
4.553432250658258518e+00
2.344993289118295632e+00
5.407630943371192211e-01
4.002559217040350781e+00
4.670464027814469343e-01
3.258783048193255816e+00
9.141739252497210755e-01
1.087300274787139198e+00
6.251935412330675845e+00
2.695953104540579570e+00
3.226603513576375093e+00
4.348482741132193574e+00
1.135742097895764413e+00
3.761952160505353859e+00
-1.034480852352657326e-01
1.864154166772903576e+00
3.231586991550922328e+00
5.803663429906974258e+00
4.822900842012058042e+00
5.354909357325770003e+00
-3.232884275035233929e-02
5.521203025227061190e+00
