0.000000000000000000e+00
2.836991442817701881e+00
5.903480029999705891e+00
9.121377509017840612e-01
2.029205635452398848e+00
3.742667476774313773e+00
4.326401732637458863e+00
1.887840244012482793e-01
2.919233341305563556e+00
3.540783461074280325e+00
1.643295228245938100e+00
4.691294397224372581e+00
2.770482395078154525e+00
3.084709040309151495e-01
3.267540707359773755e+00
5.263958685986903419e+00
1.231519951265211743e+00
2.832959529224807760e+00
2.474745128913469649e+00
1.783567007241367408e+00
2.158328897291861725e+00
2.488568057377823717e+00
5.426441782957297733e+00
3.224883759388176840e-01
3.531598919367718636e+00
5.809075860623773124e+00
