0.000000000000000000e+00
1.861388379884504118e+00
5.083522383631997599e+00
2.200701520286286073e+00
4.960004641358146671e+00
3.527059636761970651e+00
1.593346391218977365e+00
6.595904698008390188e-01
3.673195947368393388e-01
4.230420794289048381e+00
4.384593047787315179e+00
4.604212672983384991e+00
4.950358708260764296e+00
4.798865741134626939e-01
1.996046057058604495e+00
4.655986567478230143e+00
2.063990114245945584e+00
2.954011203086444048e+00
1.137795121010638066e+00
2.032638104254862466e+00
2.858259675317325943e+00
3.327766673108898843e+00
1.841165237848065406e+00
1.740286179614645379e+00
4.260961417851704347e+00
1.466864277478670653e+00
