0.000000000000000000e+00
3.197713972019740503e+00
4.146936070845119282e+00
1.794837581779567648e+00
4.524965573551000375e+00
2.581794376659152235e+00
4.910968093868979811e-01
4.369780371519216722e+00
6.423836450460433944e-01
3.795568527382904289e+00
9.841107029890139302e-01
5.684783236540571494e-01
5.452950873331251280e+00
3.399390613096719083e+00
3.206141589003185022e+00
5.017539648791049522e+00
1.119977430776585514e+00
3.269170950157049838e+00
6.434723422739692111e-01
2.804820834719605305e+00
3.297148569223315118e+00
5.674483695093109681e+00
4.616886682471011305e+00
5.738338929728755922e+00
7.718038382054898117e-01
5.801458146879563849e+00
