0.000000000000000000e+00
2.374326205662446565e+00
3.818895000225753122e+00
1.739534578595186787e+00
5.440619751995315889e-01
3.074141119335285222e+00
5.203023162450280736e+00
4.558828165268479893e+00
7.406148449060819816e-01
1.675679023898106523e+00
4.840410103708041589e+00
1.894479853729221341e+00
1.507188507033040192e+00
5.811422487685262261e+00
1.719906218399470110e-01
2.295912030484062338e+00
6.261604681742746870e+00
4.406975752440036587e+00
3.899031463082668569e+00
2.635590472668035478e+00
2.214040545302841778e+00
5.112083438999210916e-01
4.513700199000890478e+00
2.332057877758656694e+00
3.111403499603489831e+00
8.841244216041397319e-01
