1.051272886042490806e-01
3.350782980738753025e+00
2.693054642248726704e+00
2.875920650207404727e-01
4.952332559005182766e+00
3.809541685428337043e+00
5.931995863619286879e+00
8.585275059194228398e-01
5.199780210389305379e-01
2.550238996863122054e+00
8.271584237625996261e-01
9.968250322960607868e-01
1.058915204560569201e+00
2.294507338018252351e+00
5.932507229790316972e-01
1.229978641262645445e+00
3.704330443415195795e+00
1.955989059487696524e+00
4.940178012756432757e+00
2.063232313212579161e+00
2.959983629123813298e+00
5.579822112548376900e+00
4.018933228725272144e+00
2.360561966066248463e+00
5.139066897950709922e+00
6.225433663610202562e-01
