-3.633774241303058816e-02
4.336582949784783203e+00
2.474610007859517236e+00
5.874672894153476932e+00
3.136461052890767931e+00
7.171887387189102014e+00
2.410101905144360401e+00
3.705606884832449155e-01
4.182666883801768876e+00
4.237162691127202230e+00
6.979703953322950127e+00
1.823322919519901220e+00
6.297082248947189598e+00
4.120032045212387750e+00
2.783040358739135911e+00
5.212544749141510891e+00
4.011003722837460650e+00
5.122241171615090849e+00
1.756035997408779581e+00
3.932381734288036945e+00
7.843291854986271794e-01
2.970059457611094356e+00
4.458026722511903017e+00
3.812454239900565867e+00
4.815361117526603785e+00
3.488370815138377989e-01
