0.000000000000000000e+00
4.126660638611851617e+00
4.234578347570991497e+00
1.020355410961719222e+00
6.129457212169159952e+00
5.955470028479099120e+00
2.424137530501018656e+00
8.500782282037523396e-01
2.400854707340368766e+00
8.588585079261811250e-01
3.727076963953742883e+00
2.738512288390123839e+00
2.929284602006155147e+00
3.349550806395812597e+00
8.682677670161003114e-01
3.096603456831775958e+00
3.479243604294607550e+00
3.158976739703521996e+00
6.058422548495924431e+00
2.986633322092994369e+00
2.368381329320379258e+00
4.228861173065496804e-01
6.255615408813079092e+00
2.247229774082534437e+00
2.442391181885578799e+00
8.076140153345588990e-01
