0.000000000000000000e+00
5.219790298847065912e+00
4.570834634923330420e+00
2.826803861529633810e+00
5.397333029713855090e+00
2.459133426019622856e-02
2.016008617898236821e+00
1.020424666092589527e+00
3.479187967431714767e+00
4.871607815100144734e+00
1.837008077918944826e+00
1.201912362610606300e+00
5.637702651879669347e+00
2.643899021121736137e+00
4.533570602721508358e-01
4.969346093962047739e+00
4.131921240003995521e+00
5.887535024027368280e+00
2.460228279941699014e+00
1.371700679687588131e+00
4.131040616282957711e-01
1.571221722539774213e+00
4.189136251595811267e+00
4.530822691813665593e+00
4.504403251486779780e+00
6.089769153541186419e+00
