0.000000000000000000e+00
2.441240031082555273e+00
3.823523713302608318e+00
2.537149498412307747e+00
4.745073311633335456e-01
5.838697835667148617e+00
1.758473985362278391e+00
5.433822440954582333e+00
5.756294099280848897e+00
3.638463115759717592e+00
2.547741354043532969e+00
6.223646288839536744e+00
2.214826086218102397e+00
6.130609057553504826e+00
3.020009662433375056e-02
1.657034093727931978e+00
4.437244665001559341e+00
5.952499857980595444e+00
1.987718909195665073e+00
3.433053049419359848e+00
1.737035279475002802e+00
2.574262297216870277e+00
1.366895893024233422e+00
6.065235934723891553e-01
3.427007337627960837e-01
5.767361201924197545e+00
