-2.956896575091914545e-02
2.543751262097174504e+00
3.323748476104006588e+00
3.146367261418937300e+00
6.862268895467471541e-01
5.636962440757849357e+00
1.575137631707147268e+00
5.253646938234617814e+00
5.646858868208685323e+00
3.787471206264028556e+00
2.166219192453684883e+00
5.040812396437242882e+00
2.110888816971684623e+00
6.297500666614095799e+00
5.404810806639530618e-01
1.175766098015751604e+00
4.744494195204722153e+00
5.672158150000918830e+00
1.810909836299721576e+00
4.493330285565358295e+00
8.880627537606120558e-01
2.561487813502594246e+00
1.620679875925105096e+00
1.608249444306628417e+00
5.064750926452253887e-01
4.669358074686183357e+00
