3.127204893396933610e-02
2.573299995613918423e+00
5.413952356983268821e+00
9.187550181409827044e-01
2.041454526887007681e+00
3.692216269167265530e+00
4.029814334847761081e+00
2.364348366484128883e-01
2.794228849027924344e+00
3.858904387559928040e+00
1.557167712435883145e+00
5.083719996564383337e+00
2.591546338021939011e+00
9.096276914669674252e-01
3.429011192481184356e+00
5.603919411914135118e+00
9.412652005354983364e-01
2.629699160035234851e+00
2.608246733823461838e+00
1.779309452838057970e+00
3.107864470103843146e+00
2.672614951659866289e+00
5.764536812136199728e+00
4.704904157100234241e-01
2.464830841949338769e+00
5.480323961492373108e+00
