8.753654862702019146e-02
4.122924439506006067e+00
4.827765209156366311e+00
1.229777643793707353e+00
6.191776585022555679e+00
5.674821312325150302e+00
2.031064149911320005e+00
1.040165200809995971e+00
2.254753685073345615e+00
1.513478963641256003e+00
3.312265237736477186e+00
2.661900342708908518e+00
3.210627317244907797e+00
3.918437645056836782e+00
3.117105528181145502e-01
2.975250110820399474e+00
3.733870339661017113e+00
3.873319540369834613e+00
6.574780318634527276e+00
3.125365404367664190e+00
2.947251888035245848e+00
1.503873210604534272e+00
5.851305815254987941e+00
2.127623070447366871e+00
2.176184012421372937e+00
1.596370920764573320e+00
