0.000000000000000000e+00 2.500000000000000000e-01 4.064637003428391848e-01
1.001001001001001062e-01 2.488359063988126174e-01 3.936461468046890122e-01
2.002002002002002123e-01 2.456939846736128363e-01 3.812160570779973279e-01
3.003003003003003046e-01 2.410814326828516208e-01 3.692881073794832547e-01
4.004004004004004247e-01 2.354475810148057846e-01 3.579439708900149508e-01
5.005005005005005447e-01 2.291714723401688247e-01 3.472342991907964027e-01
6.006006006006006093e-01 2.225569951255286782e-01 3.371717079171762110e-01
7.007007007007007848e-01 2.158121902268776704e-01 3.277278387644503854e-01
8.008008008008008494e-01 2.090457650435326720e-01 3.188125609976274477e-01
9.009009009009009139e-01 2.022567683860402865e-01 3.102794371430074860e-01
1.001001001001001089e+00 1.953339961709548156e-01 3.019121439791807582e-01
1.101101101101101154e+00 1.880559914208381478e-01 2.934220289296474160e-01
1.201201201201201219e+00 1.800910442642598142e-01 2.844481100628189485e-01
1.301301301301301283e+00 1.709675136349178837e-01 2.745570760920178488e-01
1.401401401401401570e+00 1.600915954934703234e-01 2.632432863754761709e-01
1.501501501501501634e+00 1.467212120679730059e-01 2.499287709163382498e-01
1.601601601601601699e+00 1.298758979539349490e-01 2.339620503699081366e-01
1.701701701701701763e+00 1.083359932947091375e-01 2.146113619318875398e-01
1.801801801801801828e+00 8.064264378149255119e-02 1.908939170682893427e-01
1.901901901901902114e+00 4.508946157871863286e-02 1.614622478090949054e-01
2.002002002002002179e+00 -5.552941082218321167e-04 1.246022902357476758e-01
2.102102102102102243e+00 -5.862604780430313856e-02 7.811335462827884157e-02
2.202202202202202308e+00 -1.305278404898013445e-01 1.881002690408578593e-02
2.302302302302302373e+00 -2.145412121243142622e-01 -5.629193802876239494e-02
2.402402402402402437e+00 -3.029857681751883525e-01 -1.490286334903758170e-01
2.502502502502502502e+00 -3.827816621475488290e-01 -2.542023209872695810e-01
2.602602602602602566e+00 -4.427309906884662194e-01 -3.578232109494340341e-01
2.702702702702703075e+00 -4.801509292974920351e-01 -4.405616129520982804e-01
2.802802802802803139e+00 -4.996818547646221242e-01 -4.930192117209830083e-01
2.902902902902903204e+00 -5.074368188484869036e-01 -5.197755835107522593e-01
3.003003003003003268e+00 -5.081671382930146308e-01 -5.301546036723150390e-01
3.103103103103103333e+00 -5.047443343763633461e-01 -5.314307300998648564e-01
3.203203203203203397e+00 -4.986981674048291402e-01 -5.277827091621546396e-01
3.303303303303303462e+00 -4.908022374805805499e-01 -5.213285351301845116e-01
3.403403403403403527e+00 -4.814427993305929743e-01 -5.130740578732787549e-01
3.503503503503503591e+00 -4.708139655590360961e-01 -5.035126132229652551e-01
3.603603603603603656e+00 -4.590127426857215087e-01 -4.928781687001538292e-01
3.703703703703703720e+00 -4.460901671236821020e-01 -4.813264635984293993e-01
3.803803803803804229e+00 -4.321018443238292539e-01 -4.689400340532791644e-01
3.903903903903904293e+00 -4.170678495547532338e-01 -4.558147081274195322e-01
4.004004004004004358e+00 -4.010186021238645870e-01 -4.420444668048011394e-01
4.104104104104104422e+00 -3.840049625812104184e-01 -4.276998271376901695e-01
4.204204204204204487e+00 -3.660591572001761773e-01 -4.128926537915632577e-01
4.304304304304304551e+00 -3.472035628617792802e-01 -3.977503773801317477e-01
4.404404404404404616e+00 -3.274509455124015034e-01 -3.823695463718469467e-01
4.504504504504504681e+00 -3.068018551048610210e-01 -3.668591958081317550e-01
4.604604604604604745e+00 -2.852180909971381850e-01 -3.513431826691606474e-01
4.704704704704704810e+00 -2.626382346428220438e-01 -3.359393535432865230e-01
4.804804804804804874e+00 -2.390169089979199968e-01 -3.207413361564772636e-01
4.904904904904904939e+00 -2.141408096980325360e-01 -3.058257831928671289e-01
5.005005005005005003e+00 -1.876196065507082789e-01 -2.912288039067991163e-01
5.105105105105105068e+00 -1.588859435354421645e-01 -2.769458493058607473e-01
5.205205205205205132e+00 -1.271954388036774242e-01 -2.629297787725086155e-01
5.305305305305305197e+00 -9.162668467880330514e-02 -2.490276798556702864e-01
5.405405405405406150e+00 -5.108124765615770779e-02 -2.351049599902606813e-01
5.505505505505506214e+00 -4.214938709947865791e-03 -2.209202057643540607e-01
5.605605605605606279e+00 5.061518988048668843e-02 -2.060544913899207131e-01
5.705705705705706343e+00 1.143048279149303237e-01 -1.899113787028300360e-01
5.805805805805806408e+00 1.858758979829577551e-01 -1.717169171628489810e-01
5.905905905905906472e+00 2.609503578633530774e-01 -1.505196438536402226e-01
6.006006006006006537e+00 3.314506688218830099e-01 -1.251905834827667097e-01
6.106106106106106601e+00 3.892568674102960258e-01 -9.440171820016969584e-02
6.206206206206206666e+00 4.301189007709433354e-01 -5.621157399157431650e-02
6.306306306306306730e+00 4.552213679229898391e-01 -8.225552230850342872e-03
6.406406406406406795e+00 4.685874969987794403e-01 5.209940215381132778e-02
6.506506506506506859e+00 4.744459851569292619e-01 1.265262972698242006e-01
6.606606606606606924e+00 4.759469781678661859e-01 2.134012624076063180e-01
6.706706706706706989e+00 4.749835052050371265e-01 3.047172027365847025e-01
6.806806806806807053e+00 4.726411988920797835e-01 3.871026126866959349e-01
6.906906906906907118e+00 4.694777701356235289e-01 4.485062118867378933e-01
7.007007007007007182e+00 4.657261480604598658e-01 4.865224032004390464e-01
7.107107107107107247e+00 4.614402382185489038e-01 5.063788255202006372e-01
7.207207207207207311e+00 4.565654818756113564e-01 5.146347539149697115e-01
7.307307307307307376e+00 4.509797322739371173e-01 5.161788986747388730e-01
7.407407407407407440e+00 4.445685045855400919e-01 5.138429585650945430e-01
7.507507507507508393e+00 4.371892515735660290e-01 5.091097912852684537e-01
7.607607607607608458e+00 4.286508461258857206e-01 5.027005073085794029e-01
7.707707707707708522e+00 4.188089326918394972e-01 4.949566871919983679e-01
7.807807807807808587e+00 4.075386387715755898e-01 4.860145485275101374e-01
7.907907907907908651e+00 3.946840274687051786e-01 4.759439875108887885e-01
8.008008008008008716e+00 3.800687341578642964e-01 4.647566097463505241e-01
8.108108108108108780e+00 3.635359209550119153e-01 4.524642434335537367e-01
8.208208208208208845e+00 3.448915786440283626e-01 4.390861522201877643e-01
8.308308308308308909e+00 3.238694847415166667e-01 4.246170507286439189e-01
8.408408408408408974e+00 3.001385023285766951e-01 4.090680338886473755e-01
8.508508508508509038e+00 2.734207034355058963e-01 3.924753239493485313e-01
8.608608608608609103e+00 2.430077463432400720e-01 3.748612909483152178e-01
8.708708708708709167e+00 2.077754972374840081e-01 3.562342030228742851e-01
8.808808808808809232e+00 1.662769322516434167e-01 3.365954255834550102e-01
8.908908908908909297e+00 1.167421374668236311e-01 3.159333756458836406e-01
9.009009009009009361e+00 5.707830891183321431e-02 2.942179505952502994e-01
9.109109109109109426e+00 -1.512986283227696176e-02 2.713621507141963374e-01
9.209209209209209490e+00 -1.020511682853559310e-01 2.473102297551997286e-01
9.309309309309309555e+00 -2.018924854229057486e-01 2.218631706884121035e-01
9.409409409409409619e+00 -3.046977873904540002e-01 1.946375935394710766e-01
9.509509509509509684e+00 -3.932292755489076308e-01 1.650657553894981922e-01
9.609609609609609748e+00 -4.552467146208361015e-01 1.323955503750954832e-01
9.709709709709709813e+00 -4.896595411312322788e-01 9.569050968835282611e-02
9.809809809809809877e+00 -5.038414327474035614e-01 5.382980157683894817e-02
9.909909909909909942e+00 -5.059263405086127374e-01 5.498099653487877742e-03
1.001001001001001001e+01 -5.015129234595994134e-01 -5.088375235552480835e-02
1.011011011011011007e+01 -4.937290271368388606e-01 -1.161417782151567546e-01
1.021021021021021014e+01 -4.842340680405424203e-01 -1.890650422076132764e-01
1.031031031031031020e+01 -4.739418666895575671e-01 -2.648063505246147087e-01
1.041041041041041026e+01 -4.633568783858402762e-01 -3.342547825676698281e-01
1.051051051051051033e+01 -4.528254154545700572e-01 -3.905482030610180622e-01
1.061061061061061039e+01 -4.425553014466802604e-01 -4.312488295576311081e-01
1.071071071071071223e+01 -4.327226084508223880e-01 -4.577348334110783457e-01
1.081081081081081230e+01 -4.234421840453029273e-01 -4.733473210939806441e-01
1.091091091091091236e+01 -4.147810150412294394e-01 -4.802755437769816171e-01
1.101101101101101243e+01 -4.067789297267166981e-01 -4.821138857286049739e-01
1.111111111111111249e+01 -3.994204818956210712e-01 -4.811747917475941994e-01
1.121121121121121256e+01 -3.926473025925993343e-01 -4.787708557951468880e-01
1.131131131131131262e+01 -3.863498443261203508e-01 -4.755762513258051660e-01
1.141141141141141269e+01 -3.803625421035965459e-01 -4.718914191543674419e-01
1.151151151151151275e+01 -3.744645946424459138e-01 -4.678065706371158927e-01
1.161161161161161282e+01 -3.684205719137182422e-01 -4.632842873304139353e-01
1.171171171171171288e+01 -3.619728142360606471e-01 -4.582179124232107492e-01
1.181181181181181294e+01 -3.548215591555156090e-01 -4.524651009804552260e-01
1.191191191191191301e+01 -3.466249020853517382e-01 -4.458990718318589508e-01
1.201201201201201307e+01 -3.370000707240435323e-01 -4.383456253707792016e-01
1.211211211211211314e+01 -3.256024205180921838e-01 -4.296240644280393539e-01
1.221221221221221320e+01 -3.121052398080513823e-01 -4.196147738822063600e-01
1.231231231231231327e+01 -2.960678733294572762e-01 -4.081736347138609777e-01
1.241241241241241333e+01 -2.769330373934349443e-01 -3.951345523294185202e-01
1.251251251251251340e+01 -2.540268141983687555e-01 -3.803519611721608018e-01
1.261261261261261346e+01 -2.265311586419228307e-01 -3.636690658132039622e-01
1.271271271271271353e+01 -1.932675749039416968e-01 -3.448789460958331943e-01
1.281281281281281359e+01 -1.524911365573480282e-01 -3.237195672920034628e-01
1.291291291291291365e+01 -1.018677918590608356e-01 -2.998560527726331637e-01
1.301301301301301372e+01 -3.849151466643501579e-02 -2.729187326820987081e-01
1.311311311311311378e+01 4.121289459693401602e-02 -2.422540833505203994e-01
1.321321321321321385e+01 1.390974641134419820e-01 -2.068776000785255420e-01
1.331331331331331391e+01 2.507430294154580630e-01 -1.654737971372438055e-01
1.341341341341341398e+01 3.599386293741128617e-01 -1.163962077683168839e-01
1.351351351351351404e+01 4.457053305833004742e-01 -5.749030349846172977e-02
1.361361361361361411e+01 4.982102225950514329e-01 1.412054057616954350e-02
1.371371371371371417e+01 5.232253465161260664e-01 1.003608279086418698e-01
1.381381381381381424e+01 5.313398790325405407e-01 1.994677478621185163e-01
1.391391391391391430e+01 5.304622629884027107e-01 3.017852512918128283e-01
1.401401401401401436e+01 5.248224307325772831e-01 3.903561341549537933e-01
1.411411411411411443e+01 5.165472199813961884e-01 4.525359140871270669e-01
1.421421421421421449e+01 5.066746244590585313e-01 4.870707314167141977e-01
1.431431431431431456e+01 4.957209105471157007e-01 5.014215674755437835e-01
1.441441441441441462e+01 4.839967316671725528e-01 5.036581096193495366e-01
1.451451451451451469e+01 4.716782758096447203e-01 4.993643765873981288e-01
1.461461461461461475e+01 4.589404795165597517e-01 4.916639397300576197e-01
1.471471471471471482e+01 4.459095895619800687e-01 4.822368445031661177e-01
1.481481481481481488e+01 4.327188169047130328e-01 4.720051817821204199e-01
1.491491491491491495e+01 4.195295189293004046e-01 4.614939831858266839e-01
1.501501501501501679e+01 4.064637003428391848e-01 4.510406853034854002e-01
1.511511511511511685e+01 3.936461468046890122e-01 4.408649459817817751e-01
1.521521521521521692e+01 3.812160570779973279e-01 4.311425056740121886e-01
1.531531531531531698e+01 3.692881073794832547e-01 4.219739697314750515e-01
1.541541541541541704e+01 3.579439708900149508e-01 4.134336281728079321e-01
1.551551551551551711e+01 3.472342991907964027e-01 4.055523832753164526e-01
1.561561561561561717e+01 3.371717079171762110e-01 3.983076273697275238e-01
1.571571571571571724e+01 3.277278387644503854e-01 3.916308342323076563e-01
1.581581581581581730e+01 3.188125609976274477e-01 3.854001749633713114e-01
1.591591591591591737e+01 3.102794371430074860e-01 3.794362682309682655e-01
1.601601601601601743e+01 3.019121439791807582e-01 3.735329950840163282e-01
1.611611611611611750e+01 2.934220289296474160e-01 3.674571498011219295e-01
1.621621621621621756e+01 2.844481100628189485e-01 3.609294599500628142e-01
1.631631631631631763e+01 2.745570760920178488e-01 3.536245582878739246e-01
1.641641641641641769e+01 2.632432863754761709e-01 3.451825343812988112e-01
1.651651651651651775e+01 2.499287709163382498e-01 3.352965895162926535e-01
1.661661661661661782e+01 2.339620503699081366e-01 3.236343542921895633e-01
1.671671671671671788e+01 2.146113619318875398e-01 3.097905144487322904e-01
1.681681681681681795e+01 1.908939170682893427e-01 2.932882660888127546e-01
1.691691691691691801e+01 1.614622478090949054e-01 2.735819346327351687e-01
1.701701701701701808e+01 1.246022902357476758e-01 2.500640044742516999e-01
1.711711711711711814e+01 7.811335462827884157e-02 2.218214424795524886e-01
1.721721721721721821e+01 1.881002690408578593e-02 1.874687542620275260e-01
1.731731731731731827e+01 -5.629193802876239494e-02 1.451433006753808375e-01
1.741741741741741833e+01 -1.490286334903758170e-01 9.250529781363397985e-02
1.751751751751751840e+01 -2.542023209872695810e-01 2.667903531519766336e-02
1.761761761761761846e+01 -3.578232109494340341e-01 -5.597453563855167569e-02
1.771771771771771853e+01 -4.405616129520982804e-01 -1.566917483415609658e-01
1.781781781781781859e+01 -4.930192117209830083e-01 -2.692132282384512854e-01
1.791791791791791866e+01 -5.197755835107522593e-01 -3.759368572384819140e-01
1.801801801801801872e+01 -5.301546036723150390e-01 -4.564122680374051444e-01
1.811811811811811879e+01 -5.314307300998648564e-01 -5.036482210289572325e-01
1.821821821821821885e+01 -5.277827091621546396e-01 -5.252357351288338139e-01
1.831831831831831892e+01 -5.213285351301845116e-01 -5.315168667347197617e-01
1.841841841841841898e+01 -5.130740578732787549e-01 -5.296628421866990122e-01
1.851851851851851904e+01 -5.035126132229652551e-01 -5.234951998656185435e-01
1.861861861861861911e+01 -4.928781687001538292e-01 -5.149053554579333669e-01
1.871871871871871917e+01 -4.813264635984293993e-01 -5.048270927983282697e-01
1.881881881881881924e+01 -4.689400340532791644e-01 -4.937309115847992591e-01
1.891891891891891930e+01 -4.558147081274195322e-01 -4.818904801715427344e-01
1.901901901901901937e+01 -4.420444668048011394e-01 -4.694920039073870455e-01
1.911911911911911943e+01 -4.276998271376901695e-01 -4.566936318337437295e-01
1.921921921921921950e+01 -4.128926537915632577e-01 -4.436171100956743940e-01
1.931931931931931956e+01 -3.977503773801317477e-01 -4.304221368822264693e-01
1.941941941941941963e+01 -3.823695463718469467e-01 -4.172415145345547693e-01
1.951951951951951969e+01 -3.668591958081317550e-01 -4.041968556232936605e-01
1.961961961961961975e+01 -3.513431826691606474e-01 -3.914325913519962619e-01
1.971971971971971982e+01 -3.359393535432865230e-01 -3.790828758124328846e-01
1.981981981981981988e+01 -3.207413361564772636e-01 -3.672457061646325904e-01
1.991991991991991995e+01 -3.058257831928671289e-01 -3.559979701591307610e-01
2.002002002002002001e+01 -2.912288039067991163e-01 -3.453880703389823337e-01
2.012012012012012008e+01 -2.769458493058607473e-01 -3.354321157779286411e-01
2.022022022022022014e+01 -2.629297787725086155e-01 -3.260873366210552127e-01
2.032032032032032021e+01 -2.490276798556702864e-01 -3.172499770884111836e-01
2.042042042042042027e+01 -2.351049599902606813e-01 -3.087522736656758138e-01
2.052052052052052034e+01 -2.209202057643540607e-01 -3.003617791899836353e-01
2.062062062062062040e+01 -2.060544913899207131e-01 -2.917813628499264511e-01
2.072072072072072046e+01 -1.899113787028300360e-01 -2.826492101855547778e-01
2.082082082082082053e+01 -1.717169171628489810e-01 -2.725388230883745710e-01
2.092092092092092059e+01 -1.505196438536402226e-01 -2.609445992090163036e-01
2.102102102102102066e+01 -1.251905834827667097e-01 -2.473149669355089453e-01
2.112112112112112072e+01 -9.440171820016969584e-02 -2.309978294823955558e-01
2.122122122122122079e+01 -5.621157399157431650e-02 -2.111347942726743976e-01
2.132132132132132085e+01 -8.225552230850342872e-03 -1.866593402450654193e-01
2.142142142142142447e+01 5.209940215381132778e-02 -1.562938698574700691e-01
2.152152152152152453e+01 1.265262972698242006e-01 -1.182283845277674467e-01
2.162162162162162460e+01 2.134012624076063180e-01 -6.993522168645033288e-02
2.172172172172172466e+01 3.047172027365847025e-01 -8.490865380640949533e-03
2.182182182182182473e+01 3.871026126866959349e-01 6.909191244801149434e-02
2.192192192192192479e+01 4.485062118867378933e-01 1.640789788968619045e-01
2.202202202202202486e+01 4.865224032004390464e-01 2.703910323208484900e-01
2.212212212212212492e+01 5.063788255202006372e-01 3.721469989684009216e-01
2.222222222222222499e+01 5.146347539149697115e-01 4.508228759500293448e-01
2.232232232232232505e+01 5.161788986747388730e-01 4.997086999342612024e-01
2.242242242242242511e+01 5.138429585650945430e-01 5.239138624725715454e-01
2.252252252252252518e+01 5.091097912852684537e-01 5.327019609766940889e-01
2.262262262262262524e+01 5.027005073085794029e-01 5.330709480826294477e-01
2.272272272272272531e+01 4.949566871919983679e-01 5.289125379285567474e-01
2.282282282282282537e+01 4.860145485275101374e-01 5.221509852277143038e-01
2.292292292292292544e+01 4.759439875108887885e-01 5.137021785481769021e-01
2.302302302302302550e+01 4.647566097463505241e-01 5.040033590012809039e-01
2.312312312312312557e+01 4.524642434335537367e-01 4.932769196132452683e-01
2.322322322322322563e+01 4.390861522201877643e-01 4.816595433137955684e-01
2.332332332332332570e+01 4.246170507286439189e-01 4.692465430326159259e-01
2.342342342342342576e+01 4.090680338886473755e-01 4.561143231305014867e-01
2.352352352352352582e+01 3.924753239493485313e-01 4.423756088704233203e-01
2.362362362362362589e+01 3.748612909483152178e-01 4.281101593513744197e-01
2.372372372372372595e+01 3.562342030228742851e-01 4.134109968201538088e-01
2.382382382382382602e+01 3.365954255834550102e-01 3.984124341100988009e-01
2.392392392392392608e+01 3.159333756458836406e-01 3.832359025138902253e-01
2.402402402402402615e+01 2.942179505952502994e-01 3.679869409352328202e-01
2.412412412412412621e+01 2.713621507141963374e-01 3.527795657349947489e-01
2.422422422422422628e+01 2.473102297551997286e-01 3.377337532964070910e-01
2.432432432432432634e+01 2.218631706884121035e-01 3.229473314276511409e-01
2.442442442442442641e+01 1.946375935394710766e-01 3.084994677690798826e-01
2.452452452452452647e+01 1.650657553894981922e-01 2.944346597845922675e-01
2.462462462462462653e+01 1.323955503750954832e-01 2.807432813675123651e-01
2.472472472472472660e+01 9.569050968835282611e-02 2.673615828405832007e-01
2.482482482482482666e+01 5.382980157683894817e-02 2.541716909559701976e-01
2.492492492492492673e+01 5.498099653487877742e-03 2.409778781469852915e-01
2.502502502502502679e+01 -5.088375235552480835e-02 2.274887963711518801e-01
2.512512512512512686e+01 -1.161417782151567546e-01 2.133426803973285935e-01
2.522522522522522692e+01 -1.890650422076132764e-01 1.980035415845876057e-01
2.532532532532532699e+01 -2.648063505246147087e-01 1.807567032007277308e-01
2.542542542542542705e+01 -3.342547825676698281e-01 1.607088004222781419e-01
2.552552552552552712e+01 -3.905482030610180622e-01 1.367877803344957899e-01
2.562562562562562718e+01 -4.312488295576311081e-01 1.076517691380412811e-01
2.572572572572572724e+01 -4.577348334110783457e-01 7.138917627969783297e-02
2.582582582582582731e+01 -4.733473210939806441e-01 2.571607375313260391e-02
2.592592592592592737e+01 -4.802755437769816171e-01 -3.187313261994943053e-02
2.602602602602602744e+01 -4.821138857286049739e-01 -1.036871565633981362e-01
2.612612612612612750e+01 -4.811747917475941994e-01 -1.894387863659600379e-01
2.622622622622622757e+01 -4.787708557951468880e-01 -2.828627151043482391e-01
2.632632632632632763e+01 -4.755762513258051660e-01 -3.705798004070102181e-01
2.642642642642642770e+01 -4.718914191543674419e-01 -4.390284617346540408e-01
2.652652652652652776e+01 -4.678065706371158927e-01 -4.829919243755599889e-01
2.662662662662662783e+01 -4.632842873304139353e-01 -5.065581754720309693e-01
2.672672672672672789e+01 -4.582179124232107492e-01 -5.167387033729903267e-01
2.682682682682682795e+01 -4.524651009804552260e-01 -5.191971320905561793e-01
2.692692692692692802e+01 -4.458990718318589508e-01 -5.172560580553232645e-01
2.702702702702702808e+01 -4.383456253707792016e-01 -5.126688185892128713e-01
2.712712712712712815e+01 -4.296240644280393539e-01 -5.062940564134370547e-01
2.722722722722722821e+01 -4.196147738822063600e-01 -4.985402065911820890e-01
2.732732732732732828e+01 -4.081736347138609777e-01 -4.895782984793401460e-01
2.742742742742742834e+01 -3.951345523294185202e-01 -4.794990865592201335e-01
2.752752752752752841e+01 -3.803519611721608018e-01 -4.683251955280279266e-01
2.762762762762762847e+01 -3.636690658132039622e-01 -4.560843397587975301e-01
2.772772772772772854e+01 -3.448789460958331943e-01 -4.427988216853570580e-01
2.782782782782782860e+01 -3.237195672920034628e-01 -4.284725403713885439e-01
2.792792792792792866e+01 -2.998560527726331637e-01 -4.131366724208443975e-01
2.802802802802802873e+01 -2.729187326820987081e-01 -3.968425270916360881e-01
2.812812812812812879e+01 -2.422540833505203994e-01 -3.796146470897620584e-01
2.822822822822822886e+01 -2.068776000785255420e-01 -3.614766947552989773e-01
2.832832832832832892e+01 -1.654737971372438055e-01 -3.424552094363110255e-01
2.842842842842842899e+01 -1.163962077683168839e-01 -3.225783277724752485e-01
2.852852852852852905e+01 -5.749030349846172977e-02 -3.018278599755531699e-01
2.862862862862862912e+01 1.412054057616954350e-02 -2.802003013351641036e-01
2.872872872872872918e+01 1.003608279086418698e-01 -2.576386171427587080e-01
2.882882882882882924e+01 1.994677478621185163e-01 -2.339838671848775975e-01
2.892892892892892931e+01 3.017852512918128283e-01 -2.089752057431419063e-01
2.902902902902902937e+01 3.903561341549537933e-01 -1.822498815942574790e-01
2.912912912912912944e+01 4.525359140871270669e-01 -1.533430847469173797e-01
2.922922922922922950e+01 4.870707314167141977e-01 -1.215778523257352722e-01
2.932932932932932957e+01 5.014215674755437835e-01 -8.594607421166260142e-02
2.942942942942942963e+01 5.036581096193495366e-01 -4.519178348216990049e-02
2.952952952952952970e+01 4.993643765873981288e-01 2.142163022905665959e-03
2.962962962962962976e+01 4.916639397300576197e-01 5.768672816736328257e-02
2.972972972972972983e+01 4.822368445031661177e-01 1.220891849386623040e-01
2.982982982982982989e+01 4.720051817821204199e-01 1.941919699178779601e-01
2.992992992992993351e+01 4.614939831858266839e-01 2.690395514180095038e-01
3.003003003003003357e+01 4.510406853034854002e-01 3.386067610719956100e-01
3.013013013013013364e+01 4.408649459817817751e-01 3.947269263785936344e-01
3.023023023023023370e+01 4.311425056740121886e-01 4.338079233730397499e-01
3.033033033033033377e+01 4.219739697314750515e-01 4.573506041254741250e-01
3.043043043043043383e+01 4.134336281728079321e-01 4.697791328791707799e-01
3.053053053053053389e+01 4.055523832753164526e-01 4.750916729314332843e-01
3.063063063063063396e+01 3.983076273697275238e-01 4.763258532971074155e-01
3.073073073073073402e+01 3.916308342323076563e-01 4.752395773477798846e-01
3.083083083083083409e+01 3.854001749633713114e-01 4.728301630270443923e-01
3.093093093093093415e+01 3.794362682309682655e-01 4.696024378402374189e-01
3.103103103103103422e+01 3.735329950840163282e-01 4.657632051143522078e-01
3.113113113113113428e+01 3.674571498011219295e-01 4.613459046039888323e-01
3.123123123123123435e+01 3.609294599500628142e-01 4.562877882829715626e-01
3.133133133133133441e+01 3.536245582878739246e-01 4.504730054876540102e-01
3.143143143143143448e+01 3.451825343812988112e-01 4.437832399093569191e-01
3.153153153153153454e+01 3.352965895162926535e-01 4.360580019332845336e-01
3.163163163163163460e+01 3.236343542921895633e-01 4.271280440214318963e-01
3.173173173173173467e+01 3.097905144487322904e-01 4.168731703487669749e-01
3.183183183183183473e+01 2.932882660888127546e-01 4.051520620878373835e-01
3.193193193193193480e+01 2.735819346327351687e-01 3.917970952251395578e-01
3.203203203203203486e+01 2.500640044742516999e-01 3.766538733236561298e-01
3.213213213213213493e+01 2.218214424795524886e-01 3.595644878310172987e-01
3.223223223223223499e+01 1.874687542620275260e-01 3.403130392083538736e-01
3.233233233233233506e+01 1.451433006753808375e-01 3.186232094964645545e-01
3.243243243243243512e+01 9.250529781363397985e-02 2.941624479983699914e-01
3.253253253253253519e+01 2.667903531519766336e-02 2.665097012158200718e-01
3.263263263263263525e+01 -5.597453563855167569e-02 2.349382831006588956e-01
3.273273273273273531e+01 -1.566917483415609658e-01 1.983578364487052770e-01
3.283283283283283538e+01 -2.692132282384512854e-01 1.553143324911062662e-01
3.293293293293293544e+01 -3.759368572384819140e-01 1.039900708943311824e-01
3.303303303303303551e+01 -4.564122680374051444e-01 4.219646571161356219e-02
3.313313313313313557e+01 -5.036482210289572325e-01 -3.282057952244858690e-02
3.323323323323323564e+01 -5.252357351288338139e-01 -1.226050833380035732e-01
3.333333333333333570e+01 -5.315168667347197617e-01 -2.238566429211758524e-01
3.343343343343343577e+01 -5.296628421866990122e-01 -3.247581712546607213e-01
3.353353353353353583e+01 -5.234951998656185435e-01 -4.080235425996210363e-01
3.363363363363363590e+01 -5.149053554579333669e-01 -4.629940389613287910e-01
3.373373373373373596e+01 -5.048270927983282697e-01 -4.916549027216759460e-01
3.383383383383383602e+01 -4.937309115847992591e-01 -5.022195681963731451e-01
3.393393393393393609e+01 -4.818904801715427344e-01 -5.023837867507544575e-01
3.403403403403403615e+01 -4.694920039073870455e-01 -4.969788510378818636e-01
3.413413413413413622e+01 -4.566936318337437295e-01 -4.886837626537370860e-01
3.423423423423423628e+01 -4.436171100956743940e-01 -4.789355464536334539e-01
3.433433433433433635e+01 -4.304221368822264693e-01 -4.685148831632174882e-01
3.443443443443443641e+01 -4.172415145345547693e-01 -4.579027564919416204e-01
3.453453453453453648e+01 -4.041968556232936605e-01 -4.473892969811134046e-01
3.463463463463463654e+01 -3.914325913519962619e-01 -4.372002999269519186e-01
3.473473473473473661e+01 -3.790828758124328846e-01 -4.274725973436482862e-01
3.483483483483483667e+01 -3.672457061646325904e-01 -4.183207378270719645e-01
3.493493493493493673e+01 -3.559979701591307610e-01 -4.098121058242708004e-01
3.503503503503503680e+01 -3.453880703389823337e-01 -4.019610962570748236e-01
3.513513513513513686e+01 -3.354321157779286411e-01 -3.947396442940239725e-01
3.523523523523523693e+01 -3.260873366210552127e-01 -3.880703444045224826e-01
3.533533533533533699e+01 -3.172499770884111836e-01 -3.818179558568101095e-01
3.543543543543543706e+01 -3.087522736656758138e-01 -3.758210589473506835e-01
3.553553553553553712e+01 -3.003617791899836353e-01 -3.698683188718652759e-01
3.563563563563563719e+01 -2.917813628499264511e-01 -3.636954467673060298e-01
3.573573573573573725e+01 -2.826492101855547778e-01 -3.569855045133523697e-01
3.583583583583583732e+01 -2.725388230883745710e-01 -3.494179050989501545e-01
3.593593593593593738e+01 -2.609445992090163036e-01 -3.406981612168105689e-01
3.603603603603603744e+01 -2.473149669355089453e-01 -3.304845770596188670e-01
3.613613613613613751e+01 -2.309978294823955558e-01 -3.183853588987585748e-01
3.623623623623623757e+01 -2.111347942726743976e-01 -3.039586060985325355e-01
3.633633633633633764e+01 -1.866593402450654193e-01 -2.867067673996950283e-01
3.643643643643643770e+01 -1.562938698574700691e-01 -2.661357456282196221e-01
3.653653653653653777e+01 -1.182283845277674467e-01 -2.415086402539808885e-01
3.663663663663663783e+01 -6.993522168645033288e-02 -2.117432818310722720e-01
3.673673673673673790e+01 -8.490865380640949533e-03 -1.754122319978083377e-01
3.683683683683683796e+01 6.909191244801149434e-02 -1.307202153932417177e-01
3.693693693693693803e+01 1.640789788968619045e-01 -7.499534490367563977e-02
3.703703703703703809e+01 2.703910323208484900e-01 -4.855022961661709102e-03
3.713713713713713815e+01 3.721469989684009216e-01 8.280397192816743579e-02
3.723723723723723822e+01 4.508228759500293448e-01 1.879243676047323286e-01
3.733733733733733828e+01 4.997086999342612024e-01 3.010860408535457333e-01
3.743743743743743835e+01 5.239138624725715454e-01 4.020836507342300248e-01
3.753753753753753841e+01 5.327019609766940889e-01 4.734849944629863638e-01
3.763763763763763848e+01 5.330709480826294477e-01 5.129486872180951673e-01
3.773773773773773854e+01 5.289125379285567474e-01 5.295721536056443579e-01
3.783783783783783861e+01 5.221509852277143038e-01 5.331488430356581265e-01
3.793793793793793867e+01 5.137021785481769021e-01 5.298871320919609218e-01
3.803803803803803874e+01 5.040033590012809039e-01 5.229804120810794821e-01
3.813813813813813880e+01 4.932769196132452683e-01 5.139840012376110101e-01
3.823823823823823886e+01 4.816595433137955684e-01 5.036639778231708497e-01
3.833833833833833893e+01 4.692465430326159259e-01 4.924093975044979699e-01
3.843843843843843899e+01 4.561143231305014867e-01 4.804745101573251742e-01
3.853853853853853906e+01 4.423756088704233203e-01 4.680117411520755000e-01
3.863863863863863912e+01 4.281101593513744197e-01 4.551803673928709326e-01
3.873873873873873919e+01 4.134109968201538088e-01 4.421165088488086536e-01
3.883883883883883925e+01 3.984124341100988009e-01 4.289399257976523883e-01
3.893893893893893932e+01 3.832359025138902253e-01 4.158087210131392042e-01
3.903903903903903938e+01 3.679869409352328202e-01 4.028613016961661852e-01
3.913913913913913944e+01 3.527795657349947489e-01 3.902135607197040890e-01
3.923923923923923951e+01 3.377337532964070910e-01 3.779865278010355323e-01
3.933933933933933957e+01 3.229473314276511409e-01 3.662973612937480694e-01
3.943943943943943964e+01 3.084994677690798826e-01 3.552187427120322982e-01
3.953953953953953970e+01 2.944346597845922675e-01 3.447920971985951044e-01
3.963963963963963977e+01 2.807432813675123651e-01 3.350114993931663232e-01
3.973973973973973983e+01 2.673615828405832007e-01 3.258215744940347047e-01
3.983983983983983990e+01 2.541716909559701976e-01 3.171125969624007390e-01
3.993993993993993996e+01 2.409778781469852915e-01 3.087004577466988531e-01
4.004004004004004003e+01 2.274887963711518801e-01 3.003680933565375799e-01
4.014014014014014009e+01 2.133426803973285935e-01 2.918227207563771630e-01
4.024024024024024015e+01 1.980035415845876057e-01 2.826881169761591983e-01
4.034034034034034022e+01 1.807567032007277308e-01 2.725046191113085214e-01
4.044044044044044028e+01 1.607088004222781419e-01 2.607291243227351507e-01
4.054054054054054035e+01 1.367877803344957899e-01 2.467350898368304013e-01
4.064064064064064041e+01 1.076517691380412811e-01 2.298126427320139609e-01
4.074074074074074048e+01 7.138917627969783297e-02 2.091834856942421661e-01
4.084084084084084054e+01 2.571607375313260391e-02 1.838434082751582710e-01
4.094094094094094061e+01 -3.187313261994943053e-02 1.523363595929307923e-01
4.104104104104104067e+01 -1.036871565633981362e-01 1.127375910875625525e-01
4.114114114114114074e+01 -1.894387863659600379e-01 6.266505165521264742e-02
4.124124124124124080e+01 -2.828627151043482391e-01 -1.100285433595665774e-03
4.134134134134134086e+01 -3.705798004070102181e-01 -8.155648735650225523e-02
4.144144144144144093e+01 -4.390284617346540408e-01 -1.790787744004734561e-01
4.154154154154154099e+01 -4.829919243755599889e-01 -2.860800846335359582e-01
4.164164164164164106e+01 -5.065581754720309693e-01 -3.856101349596254280e-01
4.174174174174174112e+01 -5.167387033729903267e-01 -4.597429001826151551e-01
4.184184184184184119e+01 -5.191971320905561793e-01 -5.035066991426798699e-01
4.194194194194194125e+01 -5.172560580553232645e-01 -5.242528743771671662e-01
4.204204204204204132e+01 -5.126688185892128713e-01 -5.311605750958158234e-01
4.214214214214214138e+01 -5.062940564134370547e-01 -5.305705311873564201e-01
4.224224224224224145e+01 -4.985402065911820890e-01 -5.258798917070983681e-01
4.234234234234234151e+01 -4.895782984793401460e-01 -5.187713788737264853e-01
4.244244244244244157e+01 -4.794990865592201335e-01 -5.100568601702372140e-01
4.254254254254254164e+01 -4.683251955280279266e-01 -5.001218948930138408e-01
4.264264264264264170e+01 -4.560843397587975301e-01 -4.891732569121034491e-01
4.274274274274274887e+01 -4.427988216853570580e-01 -4.773317268524864265e-01
4.284284284284284894e+01 -4.284725403713885439e-01 -4.646995555599439109e-01
4.294294294294294900e+01 -4.131366724208443975e-01 -4.513440407941993748e-01
4.304304304304304907e+01 -3.968425270916360881e-01 -4.373730760663315231e-01
4.314314314314314913e+01 -3.796146470897620584e-01 -4.228835605938535136e-01
4.324324324324324920e+01 -3.614766947552989773e-01 -4.079582029551378497e-01
4.334334334334334926e+01 -3.424552094363110255e-01 -3.927153923707296101e-01
4.344344344344344933e+01 -3.225783277724752485e-01 -3.772916752996161582e-01
4.354354354354354939e+01 -3.018278599755531699e-01 -3.617928802029115043e-01
4.364364364364364945e+01 -2.802003013351641036e-01 -3.463264611921646474e-01
4.374374374374374952e+01 -2.576386171427587080e-01 -3.309960791645254474e-01
4.384384384384384958e+01 -2.339838671848775975e-01 -3.158986663474050438e-01
4.394394394394394965e+01 -2.089752057431419063e-01 -3.010937755002057736e-01
4.404404404404404971e+01 -1.822498815942574790e-01 -2.866326598217937560e-01
4.414414414414414978e+01 -1.533430847469173797e-01 -2.725054210465580606e-01
4.424424424424424984e+01 -1.215778523257352722e-01 -2.586257722072949905e-01
4.434434434434434991e+01 -8.594607421166260142e-02 -2.448310376352022533e-01
4.444444444444444997e+01 -4.519178348216990049e-02 -2.308821529598827360e-01
4.454454454454455004e+01 2.142163022905665959e-03 -2.164636651093425901e-01
4.464464464464465010e+01 5.768672816736328257e-02 -2.011739190766000107e-01
4.474474474474475016e+01 1.220891849386623040e-01 -1.844120655985941604e-01
4.484484484484485023e+01 1.941919699178779601e-01 -1.654336450933062141e-01
4.494494494494495029e+01 2.690395514180095038e-01 -1.432352611393400699e-01
4.504504504504505036e+01 3.386067610719956100e-01 -1.165217169530297081e-01
4.514514514514515042e+01 3.947269263785936344e-01 -8.370616218845823575e-02
4.524524524524525049e+01 4.338079233730397499e-01 -4.283253738166844377e-02
4.534534534534535055e+01 4.573506041254741250e-01 8.749642170690088983e-03
4.544544544544545062e+01 4.697791328791707799e-01 7.332654252985637555e-02
4.554554554554555068e+01 4.750916729314332843e-01 1.521693188731626789e-01
4.564564564564565075e+01 4.763258532971074155e-01 2.416268035178180118e-01
4.574574574574575081e+01 4.752395773477798846e-01 3.318622796404531172e-01
4.584584584584585087e+01 4.728301630270443923e-01 4.087268804172297654e-01
4.594594594594595094e+01 4.696024378402374189e-01 4.627332355380648909e-01
4.604604604604605100e+01 4.657632051143522078e-01 4.943851291424267713e-01
4.614614614614615107e+01 4.613459046039888323e-01 5.099805857693575639e-01
4.624624624624625113e+01 4.562877882829715626e-01 5.157243082950820900e-01
4.634634634634635120e+01 4.504730054876540102e-01 5.158229492271988459e-01
4.644644644644645126e+01 4.437832399093569191e-01 5.126082319590543612e-01
4.654654654654655133e+01 4.360580019332845336e-01 5.072804982576186728e-01
4.664664664664665139e+01 4.271280440214318963e-01 5.004092049694492950e-01
4.674674674674675146e+01 4.168731703487669749e-01 4.922609758815912340e-01
4.684684684684685152e+01 4.051520620878373835e-01 4.829403833080220254e-01
4.694694694694695158e+01 3.917970952251395578e-01 4.724980774111758319e-01
4.704704704704705165e+01 3.766538733236561298e-01 4.609479048299319204e-01
4.714714714714715171e+01 3.595644878310172987e-01 4.482912841325637499e-01
4.724724724724725178e+01 3.403130392083538736e-01 4.345516182620326462e-01
4.734734734734735184e+01 3.186232094964645545e-01 4.197400382949604269e-01
4.744744744744745191e+01 2.941624479983699914e-01 4.038572740324619659e-01
4.754754754754755197e+01 2.665097012158200718e-01 3.869251630058092584e-01
4.764764764764765204e+01 2.349382831006588956e-01 3.689826407868448399e-01
4.774774774774775210e+01 1.983578364487052770e-01 3.500383748419316765e-01
4.784784784784785217e+01 1.553143324911062662e-01 3.300972430963539650e-01
4.794794794794795223e+01 1.039900708943311824e-01 3.091387970874300839e-01
4.804804804804805229e+01 4.219646571161356219e-02 2.871099460464150432e-01
4.814814814814815236e+01 -3.282057952244858690e-02 2.639253045376259155e-01
4.824824824824825242e+01 -1.226050833380035732e-01 2.394897248358514585e-01
4.834834834834835249e+01 -2.238566429211758524e-01 2.135799655282211718e-01
4.844844844844845255e+01 -3.247581712546607213e-01 1.857661822504884930e-01
4.854854854854855262e+01 -4.080235425996210363e-01 1.554266545639900188e-01
4.864864864864865268e+01 -4.629940389613287910e-01 1.217477859556502784e-01
4.874874874874875275e+01 -4.916549027216759460e-01 8.372410383798981059e-02
4.884884884884885281e+01 -5.022195681963731451e-01 4.015825954911070306e-02
4.894894894894895288e+01 -5.023837867507544575e-01 -1.033897164729397078e-02
4.904904904904905294e+01 -4.969788510378818636e-01 -6.921565735544317477e-02
4.914914914914915300e+01 -4.886837626537370860e-01 -1.368945833391007338e-01
4.924924924924925307e+01 -4.789355464536334539e-01 -2.112484932790831271e-01
4.934934934934935313e+01 -4.685148831632174882e-01 -2.863865048263599666e-01
4.944944944944945320e+01 -4.579027564919416204e-01 -3.534050767434731011e-01
4.954954954954955326e+01 -4.473892969811134046e-01 -4.053582280763424195e-01
4.964964964964965333e+01 -4.372002999269519186e-01 -4.399833422806542771e-01
4.974974974974975339e+01 -4.274725973436482862e-01 -4.600589600989632988e-01
4.984984984984985346e+01 -4.183207378270719645e-01 -4.699015161965616749e-01
4.994994994994995352e+01 -4.098121058242708004e-01 -4.734704354856077435e-01
5.005005005005005358e+01 -4.019610962570748236e-01 -4.735076193956024304e-01
5.015015015015015365e+01 -3.947396442940239725e-01 -4.716241680809400982e-01
5.025025025025025371e+01 -3.880703444045224826e-01 -4.687163080641396085e-01
5.035035035035035378e+01 -3.818179558568101095e-01 -4.652290622776596996e-01
5.045045045045045384e+01 -3.758210589473506835e-01 -4.613357836046980687e-01
5.055055055055055391e+01 -3.698683188718652759e-01 -4.570519540577819839e-01
5.065065065065065397e+01 -3.636954467673060298e-01 -4.522991823538241585e-01
5.075075075075075404e+01 -3.569855045133523697e-01 -4.469380531717292993e-01
5.085085085085085410e+01 -3.494179050989501545e-01 -4.408375305672861399e-01
5.095095095095095417e+01 -3.406981612168105689e-01 -4.338322409918283773e-01
5.105105105105105423e+01 -3.304845770596188670e-01 -4.257175172629579230e-01
5.115115115115115429e+01 -3.183853588987585748e-01 -4.163465886173025043e-01
5.125125125125125436e+01 -3.039586060985325355e-01 -4.055717984819139366e-01
5.135135135135135442e+01 -2.867067673996950283e-01 -3.932153897766200723e-01
5.145145145145145449e+01 -2.661357456282196221e-01 -3.790950770414770465e-01
5.155155155155155455e+01 -2.415086402539808885e-01 -3.630461697256348041e-01
5.165165165165165462e+01 -2.117432818310722720e-01 -3.448521426848626947e-01
5.175175175175175468e+01 -1.754122319978083377e-01 -3.242336314213892789e-01
5.185185185185185475e+01 -1.307202153932417177e-01 -3.008399300054022674e-01
5.195195195195195481e+01 -7.499534490367563977e-02 -2.742613756761832500e-01
5.205205205205205488e+01 -4.855022961661709102e-03 -2.438485379275223686e-01
5.215215215215215494e+01 8.280397192816743579e-02 -2.085725152731793819e-01
5.225225225225225500e+01 1.879243676047323286e-01 -1.670229315199278364e-01
5.235235235235235507e+01 3.010860408535457333e-01 -1.174079357675552604e-01
5.245245245245245513e+01 4.020836507342300248e-01 -5.754343390571348138e-02
5.255255255255255520e+01 4.734849944629863638e-01 1.549670095739029418e-02
5.265265265265265526e+01 5.129486872180951673e-01 1.038106436782181147e-01
5.275275275275275533e+01 5.295721536056443579e-01 2.054370307326682521e-01
5.285285285285285539e+01 5.331488430356581265e-01 3.097242603012514417e-01
5.295295295295295546e+01 5.298871320919609218e-01 3.989527467419086149e-01
5.305305305305305552e+01 5.229804120810794821e-01 4.598593141544312646e-01
5.315315315315315559e+01 5.139840012376110101e-01 4.925702724097415497e-01
5.325325325325325565e+01 5.036639778231708497e-01 5.055515304098873175e-01
5.335335335335335571e+01 4.924093975044979699e-01 5.069401705899170274e-01
5.345345345345345578e+01 4.804745101573251742e-01 5.020972347523188217e-01
5.355355355355355584e+01 4.680117411520755000e-01 4.939922199606277542e-01
5.365365365365365591e+01 4.551803673928709326e-01 4.841934705044133036e-01
5.375375375375375597e+01 4.421165088488086536e-01 4.735631504852109708e-01
5.385385385385385604e+01 4.289399257976523883e-01 4.625950354374553930e-01
5.395395395395395610e+01 4.158087210131392042e-01 4.516094798192838988e-01
5.405405405405405617e+01 4.028613016961661852e-01 4.408257799545369782e-01
5.415415415415415623e+01 3.902135607197040890e-01 4.304277056887464981e-01
5.425425425425425630e+01 3.779865278010355323e-01 4.205304518672993153e-01
5.435435435435435636e+01 3.662973612937480694e-01 4.112321241487034151e-01
5.445445445445445642e+01 3.552187427120322982e-01 4.025944099689412470e-01
5.455455455455455649e+01 3.447920971985951044e-01 3.946255569701656030e-01
5.465465465465465655e+01 3.350114993931663232e-01 3.872904768825347066e-01
5.475475475475475662e+01 3.258215744940347047e-01 3.805049709466189478e-01
5.485485485485485668e+01 3.171125969624007390e-01 3.741267025908370236e-01
5.495495495495495675e+01 3.087004577466988531e-01 3.679726986660057930e-01
5.505505505505505681e+01 3.003680933565375799e-01 3.618256638455289442e-01
5.515515515515515688e+01 2.918227207563771630e-01 3.554204520365441544e-01
5.525525525525525694e+01 2.826881169761591983e-01 3.484440655411862320e-01
5.535535535535535701e+01 2.725046191113085214e-01 3.405359057976028447e-01
5.545545545545545707e+01 2.607291243227351507e-01 3.313410098680728555e-01
5.555555555555555713e+01 2.467350898368304013e-01 3.205398674981455587e-01
5.565565565565565720e+01 2.298126427320139609e-01 3.077371765217338795e-01
5.575575575575575726e+01 2.091834856942421661e-01 2.924520353766505432e-01
5.585585585585585733e+01 1.838434082751582710e-01 2.741179431045973613e-01
5.595595595595595739e+01 1.523363595929307923e-01 2.520916522424327955e-01
5.605605605605605746e+01 1.127375910875625525e-01 2.255943095350586292e-01
5.615615615615615752e+01 6.266505165521264742e-02 1.933925659212139270e-01
5.625625625625625759e+01 -1.100285433595665774e-03 1.537300145797860229e-01
5.635635635635635765e+01 -8.155648735650225523e-02 1.043289355345091152e-01
5.645645645645645772e+01 -1.790787744004734561e-01 4.239128566550361132e-02
5.655655655655655778e+01 -2.860800846335359582e-01 -3.554361700996530593e-02
5.665665665665665784e+01 -3.856101349596254280e-01 -1.317159009622397847e-01
5.675675675675675791e+01 -4.597429001826151551e-01 -2.424437347533306419e-01
5.685685685685685797e+01 -5.035066991426798699e-01 -3.523545705433377417e-01
5.695695695695695804e+01 -5.242528743771671662e-01 -4.404899507560776084e-01
5.705705705705705810e+01 -5.311605750958158234e-01 -4.956443049295501391e-01
5.715715715715715817e+01 -5.305705311873564201e-01 -5.225719618502022712e-01
5.725725725725725823e+01 -5.258798917070983681e-01 -5.318678601361011005e-01
5.735735735735735830e+01 -5.187713788737264853e-01 -5.317225470596597114e-01
5.745745745745745836e+01 -5.100568601702372140e-01 -5.265737653873406865e-01
5.755755755755755843e+01 -5.001218948930138408e-01 -5.186600200462399002e-01
5.765765765765765849e+01 -4.891732569121034491e-01 -5.090657396494452369e-01
5.775775775775775855e+01 -4.773317268524864265e-01 -4.983266097364467129e-01
5.785785785785785862e+01 -4.646995555599439109e-01 -4.867547603908851661e-01
5.795795795795795868e+01 -4.513440407941993748e-01 -4.745238332825018057e-01
5.805805805805805875e+01 -4.373730760663315231e-01 -4.618016071233149722e-01
5.815815815815815881e+01 -4.228835605938535136e-01 -4.487104540127359043e-01
5.825825825825825888e+01 -4.079582029551378497e-01 -4.353763176540731972e-01
5.835835835835835894e+01 -3.927153923707296101e-01 -4.219576556376680165e-01
5.845845845845845901e+01 -3.772916752996161582e-01 -4.085752959574572851e-01
5.855855855855855907e+01 -3.617928802029115043e-01 -3.953540302018564989e-01
5.865865865865865914e+01 -3.463264611921646474e-01 -3.824382315338242799e-01
5.875875875875875920e+01 -3.309960791645254474e-01 -3.699526419840562519e-01
5.885885885885885926e+01 -3.158986663474050438e-01 -3.579912342201848063e-01
5.895895895895895933e+01 -3.010937755002057736e-01 -3.466226322060708687e-01
5.905905905905905939e+01 -2.866326598217937560e-01 -3.358830361043407264e-01
5.915915915915915946e+01 -2.725054210465580606e-01 -3.257719567581801590e-01
5.925925925925925952e+01 -2.586257722072949905e-01 -3.162304122569945530e-01
5.935935935935935959e+01 -2.448310376352022533e-01 -3.071476683740732572e-01
5.945945945945945965e+01 -2.308821529598827360e-01 -2.983396713423803748e-01
5.955955955955955972e+01 -2.164636651093425901e-01 -2.895463911886964614e-01
5.965965965965965978e+01 -2.011739190766000107e-01 -2.804318217336110863e-01
5.975975975975975985e+01 -1.844120655985941604e-01 -2.705839805915278840e-01
5.985985985985986702e+01 -1.654336450933062141e-01 -2.595149091706632216e-01
5.995995995995996708e+01 -1.432352611393400699e-01 -2.466606726730461441e-01
6.006006006006006714e+01 -1.165217169530297081e-01 -2.313813081432457841e-01
6.016016016016016721e+01 -8.370616218845823575e-02 -2.129347917328633932e-01
6.026026026026026727e+01 -4.283253738166844377e-02 -1.903693521962280533e-01
6.036036036036036734e+01 8.749642170690088983e-03 -1.624354657948787750e-01
6.046046046046046740e+01 7.332654252985637555e-02 -1.274964471891039397e-01
6.056056056056056747e+01 1.521693188731626789e-01 -8.334617728467810793e-02
6.066066066066066753e+01 2.416268035178180118e-01 -2.722705413348597975e-02
6.076076076076076760e+01 3.318622796404531172e-01 4.416663960249861409e-02
6.086086086086086766e+01 4.087268804172297654e-01 1.327030833172724300e-01
6.096096096096096772e+01 4.627332355380648909e-01 2.354885432165153003e-01
6.106106106106106779e+01 4.943851291424267713e-01 3.397202653925225357e-01
6.116116116116116785e+01 5.099805857693575639e-01 4.266003485296494535e-01
6.126126126126126792e+01 5.157243082950820900e-01 4.842830182436345110e-01
6.136136136136136798e+01 5.158229492271988459e-01 5.146282099906568375e-01
6.146146146146146805e+01 5.126082319590543612e-01 5.272441653470436584e-01
6.156156156156156811e+01 5.072804982576186728e-01 5.299060994906165112e-01
6.166166166166166818e+01 5.004092049694492950e-01 5.271402475616624450e-01
6.176176176176176824e+01 4.922609758815912340e-01 5.212942048341348000e-01
6.186186186186186831e+01 4.829403833080220254e-01 5.135039603858390089e-01
6.196196196196196837e+01 4.724980774111758319e-01 5.043171013119736035e-01
6.206206206206206843e+01 4.609479048299319204e-01 4.940034556278306010e-01
6.216216216216216850e+01 4.482912841325637499e-01 4.827064582490464550e-01
6.226226226226226856e+01 4.345516182620326462e-01 4.705234219351706049e-01
6.236236236236236863e+01 4.197400382949604269e-01 4.575424728016166398e-01
6.246246246246246869e+01 4.038572740324619659e-01 4.438222421965800080e-01
6.256256256256256876e+01 3.869251630058092584e-01 4.294622579485400937e-01
6.266266266266266882e+01 3.689826407868448399e-01 4.145631504432636949e-01
6.276276276276276889e+01 3.500383748419316765e-01 3.992023365656907075e-01
6.286286286286286895e+01 3.300972430963539650e-01 3.834843876024314202e-01
6.296296296296296902e+01 3.091387970874300839e-01 3.675392348692097522e-01
6.306306306306306908e+01 2.871099460464150432e-01 3.514737347177080418e-01
6.316316316316316914e+01 2.639253045376259155e-01 3.353880937777364846e-01
6.326326326326326921e+01 2.394897248358514585e-01 3.193714339997418827e-01
6.336336336336336927e+01 2.135799655282211718e-01 3.034980185018600896e-01
6.346346346346346934e+01 1.857661822504884930e-01 2.878157159811549626e-01
6.356356356356356940e+01 1.554266545639900188e-01 2.723300120417722625e-01
6.366366366366366947e+01 1.217477859556502784e-01 2.570444346980412798e-01
6.376376376376376953e+01 8.372410383798981059e-02 2.418601637960440254e-01
6.386386386386386960e+01 4.015825954911070306e-02 2.265667714133579591e-01
6.396396396396396966e+01 -1.033897164729397078e-02 2.108422218590534913e-01
6.406406406406406973e+01 -6.921565735544317477e-02 1.942528716737030869e-01
6.416416416416416268e+01 -1.368945833391007338e-01 1.762534696293679981e-01
6.426426426426426985e+01 -2.112484932790831271e-01 1.561871567296068686e-01
6.436436436436436281e+01 -2.863865048263599666e-01 1.331628948278765490e-01
6.446446446446446998e+01 -3.534050767434731011e-01 1.058803250317209566e-01
6.456456456456456294e+01 -4.053582280763424195e-01 7.273680753503887486e-02
6.466466466466467011e+01 -4.399833422806542771e-01 3.177764941475831606e-02
6.476476476476476307e+01 -4.600589600989632988e-01 -1.931546802127931395e-02
6.486486486486487024e+01 -4.699015161965616749e-01 -8.299068119323312065e-02
6.496496496496496320e+01 -4.734704354856077435e-01 -1.596592390822207386e-01
6.506506506506507037e+01 -4.735076193956024304e-01 -2.461400816238066280e-01
6.516516516516516333e+01 -4.716241680809400982e-01 -3.325984067792799870e-01
6.526526526526527050e+01 -4.687163080641396085e-01 -4.060295080832371784e-01
6.536536536536536346e+01 -4.652290622776596996e-01 -4.579910002217006948e-01
6.546546546546547063e+01 -4.613357836046980687e-01 -4.887870642364646190e-01
6.556556556556556359e+01 -4.570519540577819839e-01 -5.043512167665552548e-01
6.566566566566567076e+01 -4.522991823538241585e-01 -5.104410967017573020e-01
6.576576576576576372e+01 -4.469380531717292993e-01 -5.110649465884775644e-01
6.586586586586587089e+01 -4.408375305672861399e-01 -5.084441047086099008e-01
6.596596596596596385e+01 -4.338322409918283773e-01 -5.037378646578581920e-01
6.606606606606607102e+01 -4.257175172629579230e-01 -4.975042519429798138e-01
6.616616616616616398e+01 -4.163465886173025043e-01 -4.899915201474449034e-01
6.626626626626627115e+01 -4.055717984819139366e-01 -4.813041654963651772e-01
6.636636636636636410e+01 -3.932153897766200723e-01 -4.714659824080185135e-01
6.646646646646647127e+01 -3.790950770414770465e-01 -4.604758629485297683e-01
6.656656656656656423e+01 -3.630461697256348041e-01 -4.483313868176268535e-01
6.666666666666667140e+01 -3.448521426848626947e-01 -4.350095245112713949e-01
6.676676676676676436e+01 -3.242336314213892789e-01 -4.204995629284029590e-01
6.686686686686687153e+01 -3.008399300054022674e-01 -4.048085125862376232e-01
6.696696696696696449e+01 -2.742613756761832500e-01 -3.879320748285730036e-01
6.706706706706707166e+01 -2.438485379275223686e-01 -3.698540645000490956e-01
6.716716716716716462e+01 -2.085725152731793819e-01 -3.505501122104372480e-01
6.726726726726727179e+01 -1.670229315199278364e-01 -3.299856185148971055e-01
6.736736736736736475e+01 -1.174079357675552604e-01 -3.081091957916707313e-01
6.746746746746747192e+01 -5.754343390571348138e-02 -2.847995364093455772e-01
6.756756756756756488e+01 1.549670095739029418e-02 -2.599639261575557581e-01
6.766766766766767205e+01 1.038106436782181147e-01 -2.333672836822093810e-01
6.776776776776776501e+01 2.054370307326682521e-01 -2.045892441881591584e-01
6.786786786786787218e+01 3.097242603012514417e-01 -1.730241594391982995e-01
6.796796796796796514e+01 3.989527467419086149e-01 -1.378810977580782471e-01
6.806806806806807231e+01 4.598593141544312646e-01 -9.818384402648228093e-02
6.816816816816816527e+01 4.925702724097415497e-01 -5.275943910526510738e-02
6.826826826826827244e+01 5.055515304098873175e-01 2.329211128193620084e-06
6.836836836836837961e+01 5.069401705899170274e-01 6.158139559105611088e-02
6.846846846846847257e+01 5.020972347523188217e-01 1.323713799771961686e-01
6.856856856856857974e+01 4.939922199606277542e-01 2.100173406021463574e-01
6.866866866866867269e+01 4.841934705044133036e-01 2.879639415957354065e-01
6.876876876876877986e+01 4.735631504852109708e-01 3.567390756560347986e-01
6.886886886886887282e+01 4.625950354374553930e-01 4.086936083919491813e-01
6.896896896896897999e+01 4.516094798192838988e-01 4.422035682113768518e-01
6.906906906906907295e+01 4.408257799545369782e-01 4.603905666421829745e-01
6.916916916916918012e+01 4.304277056887464981e-01 4.683255719818993357e-01
6.926926926926927308e+01 4.205304518672993153e-01 4.701556353164491053e-01
6.936936936936938025e+01 4.112321241487034151e-01 4.686397446937692890e-01
6.946946946946947321e+01 4.025944099689412470e-01 4.654282703548253131e-01
6.956956956956958038e+01 3.946255569701656030e-01 4.614462337197211550e-01
6.966966966966967334e+01 3.872904768825347066e-01 4.571665145775866690e-01
6.976976976976978051e+01 3.805049709466189478e-01 4.528052237986229245e-01
6.986986986986987347e+01 3.741267025908370236e-01 4.483982780325592166e-01
6.996996996996998064e+01 3.679726986660057930e-01 4.438844057307476665e-01
7.007007007007007360e+01 3.618256638455289442e-01 4.391396895412405521e-01
7.017017017017018077e+01 3.554204520365441544e-01 4.340025636033764678e-01
7.027027027027027373e+01 3.484440655411862320e-01 4.282632750661526932e-01
7.037037037037038090e+01 3.405359057976028447e-01 4.217336333993910724e-01
7.047047047047047386e+01 3.313410098680728555e-01 4.142294691642572912e-01
7.057057057057058103e+01 3.205398674981455587e-01 4.055273811662095662e-01
7.067067067067067399e+01 3.077371765217338795e-01 3.954177006327131982e-01
7.077077077077078116e+01 2.924520353766505432e-01 3.837248557538085469e-01
7.087087087087087411e+01 2.741179431045973613e-01 3.702396105363519596e-01
7.097097097097098128e+01 2.520916522424327955e-01 3.547149823576867811e-01
7.107107107107107424e+01 2.255943095350586292e-01 3.368898324757134133e-01
7.117117117117118141e+01 1.933925659212139270e-01 3.164796971000544690e-01
7.127127127127127437e+01 1.537300145797860229e-01 2.930570624922667067e-01
7.137137137137138154e+01 1.043289355345091152e-01 2.660407623792336307e-01
7.147147147147147450e+01 4.239128566550361132e-02 2.346859942708416913e-01
7.157157157157158167e+01 -3.554361700996530593e-02 1.979249553075866364e-01
7.167167167167167463e+01 -1.317159009622397847e-01 1.541729573631310246e-01
7.177177177177178180e+01 -2.424437347533306419e-01 1.012671008321770205e-01
7.187187187187187476e+01 -3.523545705433377417e-01 3.653133471768071905e-02
7.197197197197198193e+01 -4.404899507560776084e-01 -4.332336871807712653e-02
7.207207207207207489e+01 -4.956443049295501391e-01 -1.394437395714577810e-01
7.217217217217218206e+01 -5.225719618502022712e-01 -2.471885965221982395e-01
7.227227227227227502e+01 -5.318678601361011005e-01 -3.514523642152515004e-01
7.237237237237238219e+01 -5.317225470596597114e-01 -4.332326808199735702e-01
7.247247247247247515e+01 -5.265737653873406865e-01 -4.836577880143831942e-01
7.257257257257258232e+01 -5.186600200462399002e-01 -5.075693461964222442e-01
7.267267267267267528e+01 -5.090657396494452369e-01 -5.148059463124621260e-01
7.277277277277278245e+01 -4.983266097364467129e-01 -5.130133641696900115e-01
7.287287287287287540e+01 -4.867547603908851661e-01 -5.064304375576373918e-01
7.297297297297298257e+01 -4.745238332825018057e-01 -4.973125666181913984e-01
7.307307307307307553e+01 -4.618016071233149722e-01 -4.868218002101889486e-01
7.317317317317318270e+01 -4.487104540127359043e-01 -4.756105388781847743e-01
7.327327327327327566e+01 -4.353763176540731972e-01 -4.640442991653254134e-01
7.337337337337338283e+01 -4.219576556376680165e-01 -4.524040257366155338e-01
7.347347347347347579e+01 -4.085752959574572851e-01 -4.408722018258742770e-01
7.357357357357358296e+01 -3.953540302018564989e-01 -4.296215578703626026e-01
7.367367367367367592e+01 -3.824382315338242799e-01 -4.187986892066155598e-01
7.377377377377378309e+01 -3.699526419840562519e-01 -4.085037230638728922e-01
7.387387387387387605e+01 -3.579912342201848063e-01 -3.988244277669036331e-01
7.397397397397398322e+01 -3.466226322060708687e-01 -3.898206678885976495e-01
7.407407407407407618e+01 -3.358830361043407264e-01 -3.814971241924420831e-01
7.417417417417418335e+01 -3.257719567581801590e-01 -3.738169345320367376e-01
7.427427427427427631e+01 -3.162304122569945530e-01 -3.666902747559526721e-01
7.437437437437438348e+01 -3.071476683740732572e-01 -3.599738214903839273e-01
7.447447447447447644e+01 -2.983396713423803748e-01 -3.534677147103373884e-01
7.457457457457458361e+01 -2.895463911886964614e-01 -3.469347403512831329e-01
7.467467467467467657e+01 -2.804318217336110863e-01 -3.400950279256836351e-01
7.477477477477478374e+01 -2.705839805915278840e-01 -3.326226141881335474e-01
7.487487487487487670e+01 -2.595149091706632216e-01 -3.241454431353593679e-01
7.497497497497498387e+01 -2.466606726730461441e-01 -3.142453124637838990e-01
7.507507507507507682e+01 -2.313813081432457841e-01 -3.024900823125337701e-01
7.517517517517518399e+01 -2.129347917328633932e-01 -2.884979499720848328e-01
7.527527527527527695e+01 -1.903693521962280533e-01 -2.717502236980585684e-01
7.537537537537538412e+01 -1.624354657948787750e-01 -2.515436419328221374e-01
7.547547547547547708e+01 -1.274964471891039397e-01 -2.269903733054883244e-01
7.557557557557558425e+01 -8.334617728467810793e-02 -1.970173677176404181e-01
7.567567567567567721e+01 -2.722705413348597975e-02 -1.601902109546225195e-01
7.577577577577578438e+01 4.416663960249861409e-02 -1.143747432616026988e-01
7.587587587587587734e+01 1.327030833172724300e-01 -5.676150665391740957e-02
7.597597597597598451e+01 2.354885432165153003e-01 1.590692211023940483e-02
7.607607607607607747e+01 3.397202653925225357e-01 1.069627959503970382e-01
7.617617617617618464e+01 4.266003485296494535e-01 2.142104816856952032e-01
7.627627627627627760e+01 4.842830182436345110e-01 3.260287856595290301e-01
7.637637637637638477e+01 5.146282099906568375e-01 4.212812788744446091e-01
7.647647647647647773e+01 5.272441653470436584e-01 4.850190189313219324e-01
7.657657657657658490e+01 5.299060994906165112e-01 5.183803462643880033e-01
7.667667667667667786e+01 5.271402475616624450e-01 5.315583368631064953e-01
7.677677677677678503e+01 5.212942048341348000e-01 5.336125239667447451e-01
7.687687687687687799e+01 5.135039603858390089e-01 5.297893071219168526e-01
7.697697697697698516e+01 5.043171013119736035e-01 5.227623124565512480e-01
7.707707707707707812e+01 4.940034556278306010e-01 5.138180725571915852e-01
7.717717717717718529e+01 4.827064582490464550e-01 5.035888413874477498e-01
7.727727727727727824e+01 4.705234219351706049e-01 4.924079669273669357e-01
7.737737737737738541e+01 4.575424728016166398e-01 4.804661467782647133e-01
7.747747747747747837e+01 4.438222421965800080e-01 4.679148516302107375e-01
7.757757757757758554e+01 4.294622579485400937e-01 4.548832264772416645e-01
7.767767767767767850e+01 4.145631504432636949e-01 4.414772278502401281e-01
7.777777777777778567e+01 3.992023365656907075e-01 4.278459222984686838e-01
7.787787787787787863e+01 3.834843876024314202e-01 4.141165496717455485e-01
7.797797797797798580e+01 3.675392348692097522e-01 4.004050533969526482e-01
7.807807807807807876e+01 3.514737347177080418e-01 3.868527065661424569e-01
7.817817817817818593e+01 3.353880937777364846e-01 3.736029956940229435e-01
7.827827827827827889e+01 3.193714339997418827e-01 3.607633217988375773e-01
7.837837837837838606e+01 3.034980185018600896e-01 3.484260556798580710e-01
7.847847847847847902e+01 2.878157159811549626e-01 3.366578391067782672e-01
7.857857857857858619e+01 2.723300120417722625e-01 3.254982380147568022e-01
7.867867867867867915e+01 2.570444346980412798e-01 3.149379692081153981e-01
7.877877877877878632e+01 2.418601637960440254e-01 3.049153363241911552e-01
7.887887887887887928e+01 2.265667714133579591e-01 2.952986387037626059e-01
7.897897897897898645e+01 2.108422218590534913e-01 2.858809867535407889e-01
7.907907907907907941e+01 1.942528716737030869e-01 2.763803019461614219e-01
7.917917917917918658e+01 1.762534696293679981e-01 2.664393168201902862e-01
7.927927927927927954e+01 1.561871567296068686e-01 2.556255749801220611e-01
7.937937937937938671e+01 1.331628948278765490e-01 2.434314310963798522e-01
7.947947947947947966e+01 1.058803250317209566e-01 2.292675745612706983e-01
7.957957957957958683e+01 7.273680753503887486e-02 2.123983961499447126e-01
7.967967967967967979e+01 3.177764941475831606e-02 1.919427507458237037e-01
7.977977977977978696e+01 -1.931546802127931395e-02 1.667304035572886589e-01
7.987987987987987992e+01 -8.299068119323312065e-02 1.352751181912076606e-01
7.997997997997998709e+01 -1.596592390822207386e-01 9.572211521760898290e-02
8.008008008008008005e+01 -2.461400816238066280e-01 4.531481871099693470e-02
8.018018018018018722e+01 -3.325984067792799870e-01 -1.887484912782638746e-02
8.028028028028028018e+01 -4.060295080832371784e-01 -9.954353323112467844e-02
8.038038038038038735e+01 -4.579910002217006948e-01 -1.959722335052232478e-01
8.048048048048048031e+01 -4.887870642364646190e-01 -2.995638143207092208e-01
8.058058058058058748e+01 -5.043512167665552548e-01 -3.940516214188380939e-01
8.068068068068068044e+01 -5.104410967017573020e-01 -4.629555860400407785e-01
8.078078078078078761e+01 -5.110649465884775644e-01 -5.033642047781348161e-01
8.088088088088088057e+01 -5.084441047086099008e-01 -5.225755153240141393e-01
8.098098098098098774e+01 -5.037378646578581920e-01 -5.290345531895011000e-01
8.108108108108108070e+01 -4.975042519429798138e-01 -5.284903013722973553e-01
8.118118118118118787e+01 -4.899915201474449034e-01 -5.240622000291823568e-01
8.128128128128128083e+01 -4.813041654963651772e-01 -5.173016493631487078e-01
8.138138138138138800e+01 -4.714659824080185135e-01 -5.089414883093591468e-01
8.148148148148148096e+01 -4.604758629485297683e-01 -4.993474176438573164e-01
8.158158158158158813e+01 -4.483313868176268535e-01 -4.886873759197223333e-01
8.168168168168168108e+01 -4.350095245112713949e-01 -4.770788414182907111e-01
8.178178178178178825e+01 -4.204995629284029590e-01 -4.645804956703863398e-01
8.188188188188188121e+01 -4.048085125862376232e-01 -4.512784276502276315e-01
8.198198198198198838e+01 -3.879320748285730036e-01 -4.372418875861088794e-01
8.208208208208208134e+01 -3.698540645000490956e-01 -4.225318283024498411e-01
8.218218218218218851e+01 -3.505501122104372480e-01 -4.072512422271096222e-01
8.228228228228228147e+01 -3.299856185148971055e-01 -3.915090569423941846e-01
8.238238238238238864e+01 -3.081091957916707313e-01 -3.753885929917714082e-01
8.248248248248248160e+01 -2.847995364093455772e-01 -3.589860530709479414e-01
8.258258258258258877e+01 -2.599639261575557581e-01 -3.424103886889761639e-01
8.268268268268268173e+01 -2.333672836822093810e-01 -3.257634272377317175e-01
8.278278278278278890e+01 -2.045892441881591584e-01 -3.091261136654326891e-01
8.288288288288288186e+01 -1.730241594391982995e-01 -2.925649230386392907e-01
8.298298298298298903e+01 -1.378810977580782471e-01 -2.761002334903790434e-01
8.308308308308308199e+01 -9.818384402648228093e-02 -2.597060374090587875e-01
8.318318318318318916e+01 -5.275943910526510738e-02 -2.433099414384649051e-01
8.328328328328328212e+01 2.329211128193620084e-06 -2.267682310648597710e-01
8.338338338338338929e+01 6.158139559105611088e-02 -2.098655693255002674e-01
8.348348348348348225e+01 1.323713799771961686e-01 -1.923118661606941227e-01
8.358358358358358942e+01 2.100173406021463574e-01 -1.735924342318997948e-01
8.368368368368368237e+01 2.879639415957354065e-01 -1.529621341738910678e-01
8.378378378378378954e+01 3.567390756560347986e-01 -1.294453745947547474e-01
8.388388388388388250e+01 4.086936083919491813e-01 -1.018361120758906335e-01
8.398398398398398967e+01 4.422035682113768518e-01 -6.869785117200646885e-02
8.408408408408408263e+01 4.603905666421829745e-01 -2.833610577584539866e-02
8.418418418418418980e+01 4.683255719818993357e-01 2.153778942143419473e-02
8.428428428428428276e+01 4.701556353164491053e-01 8.305007191946423006e-02
8.438438438438438993e+01 4.686397446937692890e-01 1.569186166487301359e-01
8.448448448448448289e+01 4.654282703548253131e-01 2.402004055049277720e-01
8.458458458458459006e+01 4.614462337197211550e-01 3.240632261043713269e-01
8.468468468468468302e+01 4.571665145775866690e-01 3.965405887324648937e-01
8.478478478478479019e+01 4.528052237986229245e-01 4.491471638359422203e-01
8.488488488488488315e+01 4.483982780325592166e-01 4.812886682766951973e-01
8.498498498498499032e+01 4.438844057307476665e-01 4.982030140381004113e-01
8.508508508508508328e+01 4.391396895412405521e-01 5.053802052001735712e-01
8.518518518518519045e+01 4.340025636033764678e-01 5.069076427069876267e-01
8.528528528528528341e+01 4.282632750661526932e-01 5.050665473594402322e-01
8.538538538538539058e+01 4.217336333993910724e-01 5.010792665753357467e-01
8.548548548548549775e+01 4.142294691642572912e-01 4.955443989123622939e-01
8.558558558558559071e+01 4.055273811662095662e-01 4.887360700082415410e-01
8.568568568568569788e+01 3.954177006327131982e-01 4.807488351134084903e-01
8.578578578578579084e+01 3.837248557538085469e-01 4.716121136894330101e-01
8.588588588588589801e+01 3.702396105363519596e-01 4.613052386322868403e-01
8.598598598598599096e+01 3.547149823576867811e-01 4.498074205995152286e-01
8.608608608608609813e+01 3.368898324757134133e-01 4.370932884939349172e-01
8.618618618618619109e+01 3.164796971000544690e-01 4.231261117605613076e-01
8.628628628628629826e+01 2.930570624922667067e-01 4.078787904515762119e-01
8.638638638638639122e+01 2.660407623792336307e-01 3.913358108965968030e-01
8.648648648648649839e+01 2.346859942708416913e-01 3.734638208536776860e-01
8.658658658658659135e+01 1.979249553075866364e-01 3.542270327696966370e-01
8.668668668668669852e+01 1.541729573631310246e-01 3.335671910997493605e-01
8.678678678678679148e+01 1.012671008321770205e-01 3.113811637713885805e-01
8.688688688688689865e+01 3.653133471768071905e-02 2.875209421846346425e-01
8.698698698698699161e+01 -4.332336871807712653e-02 2.617917286223002682e-01
8.708708708708709878e+01 -1.394437395714577810e-01 2.338971179184020643e-01
8.718718718718719174e+01 -2.471885965221982395e-01 2.033979226448290878e-01
8.728728728728729891e+01 -3.514523642152515004e-01 1.696233378973684980e-01
8.738738738738739187e+01 -4.332326808199735702e-01 1.316474939125871213e-01
8.748748748748749904e+01 -4.836577880143831942e-01 8.828945606784813216e-02
8.758758758758759200e+01 -5.075693461964222442e-01 3.812185175855738184e-02
8.768768768768769917e+01 -5.148059463124621260e-01 -2.075159873593733495e-02
8.778778778778779213e+01 -5.130133641696900115e-01 -8.940991445721249709e-02
8.788788788788789930e+01 -5.064304375576373918e-01 -1.672417283291136592e-01
8.798798798798799226e+01 -4.973125666181913984e-01 -2.494734617092598250e-01
8.808808808808809943e+01 -4.868218002101889486e-01 -3.270265090329497193e-01
8.818818818818819238e+01 -4.756105388781847743e-01 -3.897161896193868103e-01
8.828828828828829955e+01 -4.640442991653254134e-01 -4.324853935957003737e-01
8.838838838838839251e+01 -4.524040257366155338e-01 -4.567901534176541656e-01
8.848848848848849968e+01 -4.408722018258742770e-01 -4.679793976924683241e-01
8.858858858858859264e+01 -4.296215578703626026e-01 -4.710051245802063247e-01
8.868868868868869981e+01 -4.187986892066155598e-01 -4.695255262721022005e-01
8.878878878878879277e+01 -4.085037230638728922e-01 -4.657172529448992959e-01
8.888888888888889994e+01 -3.988244277669036331e-01 -4.608490468172948273e-01
8.898898898898899290e+01 -3.898206678885976495e-01 -4.556244784719648000e-01
8.908908908908910007e+01 -3.814971241924420831e-01 -4.504075218020568427e-01
8.918918918918919303e+01 -3.738169345320367376e-01 -4.453484632881148930e-01
8.928928928928930020e+01 -3.666902747559526721e-01 -4.404649618376232922e-01
8.938938938938939316e+01 -3.599738214903839273e-01 -4.356850332818787419e-01
8.948948948948950033e+01 -3.534677147103373884e-01 -4.308819293549089324e-01
8.958958958958959329e+01 -3.469347403512831329e-01 -4.258748002154844614e-01
8.968968968968970046e+01 -3.400950279256836351e-01 -4.204484065131259274e-01
8.978978978978979342e+01 -3.326226141881335474e-01 -4.144149332501153582e-01
8.988988988988990059e+01 -3.241454431353593679e-01 -4.075530522388750576e-01
8.998998998998999355e+01 -3.142453124637838990e-01 -3.996013840614288659e-01
9.009009009009010072e+01 -3.024900823125337701e-01 -3.903471488188083316e-01
9.019019019019019368e+01 -2.884979499720848328e-01 -3.795858042053359416e-01
9.029029029029030085e+01 -2.717502236980585684e-01 -3.670772161965986102e-01
9.039039039039039380e+01 -2.515436419328221374e-01 -3.525501278517662040e-01
9.049049049049050097e+01 -2.269903733054883244e-01 -3.357462094872300518e-01
9.059059059059059393e+01 -1.970173677176404181e-01 -3.163451912736885419e-01
9.069069069069070110e+01 -1.601902109546225195e-01 -2.939015234844590818e-01
9.079079079079079406e+01 -1.143747432616026988e-01 -2.678435839214401981e-01
9.089089089089090123e+01 -5.676150665391740957e-02 -2.374373336323324923e-01
9.099099099099099419e+01 1.590692211023940483e-02 -2.015889122534983979e-01
9.109109109109110136e+01 1.069627959503970382e-01 -1.586735271536700020e-01
9.119119119119119432e+01 2.142104816856952032e-01 -1.065157557726931215e-01
9.129129129129130149e+01 3.260287856595290301e-01 -4.240867957013202960e-02
9.139139139139139445e+01 4.212812788744446091e-01 3.696732105232194976e-02
9.149149149149150162e+01 4.850190189313219324e-01 1.332473079179682385e-01
9.159159159159159458e+01 5.183803462643880033e-01 2.422791733628782418e-01
9.169169169169170175e+01 5.315583368631064953e-01 3.489986856320235198e-01
9.179179179179179471e+01 5.336125239667447451e-01 4.336723751543972716e-01
9.189189189189190188e+01 5.297893071219168526e-01 4.862852464401236086e-01
9.199199199199199484e+01 5.227623124565512480e-01 5.115230743415193349e-01
9.209209209209210201e+01 5.138180725571915852e-01 5.194768589993946639e-01
9.219219219219219497e+01 5.035888413874477498e-01 5.180707261021089138e-01
9.229229229229230214e+01 4.924079669273669357e-01 5.117170756787938757e-01
9.239239239239239510e+01 4.804661467782647133e-01 5.027254063858658251e-01
9.249249249249250227e+01 4.679148516302107375e-01 4.922656192468879421e-01
9.259259259259259522e+01 4.548832264772416645e-01 4.809797992841182701e-01
9.269269269269270239e+01 4.414772278502401281e-01 4.692335193906193025e-01
9.279279279279279535e+01 4.278459222984686838e-01 4.572891730537297361e-01
9.289289289289290252e+01 4.141165496717455485e-01 4.453293413844293669e-01
9.299299299299299548e+01 4.004050533969526482e-01 4.335417018184661853e-01
9.309309309309310265e+01 3.868527065661424569e-01 4.220591977462090916e-01
9.319319319319319561e+01 3.736029956940229435e-01 4.110076341105725617e-01
9.329329329329330278e+01 3.607633217988375773e-01 4.005113327283460478e-01
9.339339339339339574e+01 3.484260556798580710e-01 3.906458613005393543e-01
9.349349349349350291e+01 3.366578391067782672e-01 3.814530560242060941e-01
9.359359359359359587e+01 3.254982380147568022e-01 3.729377494623132283e-01
9.369369369369370304e+01 3.149379692081153981e-01 3.650636563712143512e-01
9.379379379379379600e+01 3.049153363241911552e-01 3.577315691728379377e-01
9.389389389389390317e+01 2.952986387037626059e-01 3.507926681289417759e-01
9.399399399399399613e+01 2.858809867535407889e-01 3.440467608838387870e-01
9.409409409409410330e+01 2.763803019461614219e-01 3.372409969939756946e-01
9.419419419419419626e+01 2.664393168201902862e-01 3.300698679279330805e-01
9.429429429429430343e+01 2.556255749801220611e-01 3.221752070664243295e-01
9.439439439439439639e+01 2.434314310963798522e-01 3.131450221652885002e-01
9.449449449449450356e+01 2.292675745612706983e-01 3.026231854213560224e-01
9.459459459459459651e+01 2.123983961499447126e-01 2.902112759647074158e-01
9.469469469469470368e+01 1.919427507458237037e-01 2.753640979868017813e-01
9.479479479479479664e+01 1.667304035572886589e-01 2.573891714504019657e-01
9.489489489489490381e+01 1.352751181912076606e-01 2.354467320895743954e-01
9.499499499499499677e+01 9.572211521760898290e-02 2.085497314096850519e-01
9.509509509509510394e+01 4.531481871099693470e-02 1.755134146529214179e-01
9.519519519519519690e+01 -1.887484912782638746e-02 1.345686713549417435e-01
9.529529529529530407e+01 -9.954353323112467844e-02 8.322387827188186538e-02
9.539539539539539703e+01 -1.959722335052232478e-01 1.835403513499397898e-02
9.549549549549550420e+01 -2.995638143207092208e-01 -6.363258140337334223e-02
9.559559559559559716e+01 -3.940516214188380939e-01 -1.635410026110702131e-01
9.569569569569570433e+01 -4.629555860400407785e-01 -2.749095518283458106e-01
9.579579579579579729e+01 -5.033642047781348161e-01 -3.800250237952798038e-01
9.589589589589590446e+01 -5.225755153240141393e-01 -4.589919274775573488e-01
9.599599599599599742e+01 -5.290345531895011000e-01 -5.052533060633115358e-01
9.609609609609610459e+01 -5.284903013722973553e-01 -5.265952286484930633e-01
9.619619619619619755e+01 -5.240622000291823568e-01 -5.330856368022816039e-01
9.629629629629630472e+01 -5.173016493631487078e-01 -5.317534083005862611e-01
9.639639639639639768e+01 -5.089414883093591468e-01 -5.262066818174152560e-01
9.649649649649650485e+01 -4.993474176438573164e-01 -5.182406130907023512e-01
9.659659659659659781e+01 -4.886873759197223333e-01 -5.087261949332444466e-01
9.669669669669670498e+01 -4.770788414182907111e-01 -4.980849235790943963e-01
9.679679679679679793e+01 -4.645804956703863398e-01 -4.865696273144738404e-01
9.689689689689690510e+01 -4.512784276502276315e-01 -4.743198678488568243e-01
9.699699699699699806e+01 -4.372418875861088794e-01 -4.614818663407143640e-01
9.709709709709710523e+01 -4.225318283024498411e-01 -4.481533403486134270e-01
9.719719719719719819e+01 -4.072512422271096222e-01 -4.344539475766897030e-01
9.729729729729730536e+01 -3.915090569423941846e-01 -4.205294856028117811e-01
9.739739739739739832e+01 -3.753885929917714082e-01 -4.064887368542864921e-01
9.749749749749750549e+01 -3.589860530709479414e-01 -3.924555962883498617e-01
9.759759759759759845e+01 -3.424103886889761639e-01 -3.785784646181074020e-01
9.769769769769770562e+01 -3.257634272377317175e-01 -3.649854850392511563e-01
9.779779779779779858e+01 -3.091261136654326891e-01 -3.517830879408946898e-01
9.789789789789790575e+01 -2.925649230386392907e-01 -3.390592614451840570e-01
9.799799799799799871e+01 -2.761002334903790434e-01 -3.268780259071486505e-01
9.809809809809810588e+01 -2.597060374090587875e-01 -3.152719946029110543e-01
9.819819819819819884e+01 -2.433099414384649051e-01 -3.042231917912905925e-01
9.829829829829830601e+01 -2.267682310648597710e-01 -2.936681740419777031e-01
9.839839839839839897e+01 -2.098655693255002674e-01 -2.834629997530210832e-01
9.849849849849850614e+01 -1.923118661606941227e-01 -2.733809520975453711e-01
9.859859859859859910e+01 -1.735924342318997948e-01 -2.631125390237496475e-01
9.869869869869870627e+01 -1.529621341738910678e-01 -2.522654932549076578e-01
9.879879879879879923e+01 -1.294453745947547474e-01 -2.403647722893655914e-01
9.889889889889890640e+01 -1.018361120758906335e-01 -2.268525584005493534e-01
9.899899899899899935e+01 -6.869785117200646885e-02 -2.110847058723712699e-01
9.909909909909910652e+01 -2.833610577584539866e-02 -1.922186019391239897e-01
9.919919919919919948e+01 2.153778942143419473e-02 -1.692044091191487187e-01
9.929929929929930665e+01 8.305007191946423006e-02 -1.406591793365707943e-01
9.939939939939939961e+01 1.569186166487301359e-01 -1.048163698974028807e-01
9.949949949949950678e+01 2.402004055049277720e-01 -5.947659679111077374e-02
9.959959959959959974e+01 3.240632261043713269e-01 -1.544396042488349607e-03
9.969969969969970691e+01 3.965405887324648937e-01 7.162913535065866533e-02
9.979979979979979987e+01 4.491471638359422203e-01 1.612859840193617278e-01
9.989989989989990704e+01 4.812886682766951973e-01 2.619168066137928519e-01
1.000000000000000000e+02 4.982030140381004113e-01 3.600048035243485489e-01
