-6.072359917757724074e-02
-6.045778805890966723e-04
4.681070871477953886e-03
-6.249446117598903352e-03
3.334048382911887140e-03
1.075453900625160733e-02
1.124332016614855781e-02
-3.328882846609261884e-03
5.488357487563478437e-03
6.027096159055539588e-03
3.464590655707983167e-03
1.018429473657380541e-02
-2.356821564917769944e-03
-7.395669767096773152e-04
-1.147242447916875692e-02
-3.137590608053554553e-03
9.702371764220310514e-04
4.263957732070544453e-03
-1.495539982704028117e-03
-7.167756865888108781e-04
-2.994633084780662542e-03
-1.738959822218728857e-03
2.221053544505340299e-03
-1.066781133018603750e-02
-1.175088617370337665e-02
1.252433667760742553e-02
6.819743470493890014e-03
2.742714233718814964e-03
2.539520143799467097e-03
-2.756306578398278959e-03
-2.620893345087055293e-03
-4.568664049604826381e-03
3.823739484524963164e-03
5.699698611418905526e-03
1.037541945093000545e-02
1.285140609453960803e-02
-1.291654344935622492e-02
-1.260635828013261829e-02
-3.713078175707150517e-03
4.130389980943077570e-03
-4.600750972896481931e-03
2.295436599131670148e-03
-5.841134162996901996e-03
-1.388190421920365569e-02
1.058723910769474204e-02
8.218584909030332911e-03
-6.360544165543273627e-03
1.089329259063601812e-02
-6.096441271934225324e-03
-2.258052411329653040e-03
5.475507265587720770e-04
-4.122470252785601086e-03
-2.464082564811870268e-03
1.025323122621057698e-03
-5.906550446892481349e-03
1.031473485551397118e-02
-9.309058570855260895e-03
2.395476178448211618e-02
-2.303845793562308078e-02
5.776519120781565229e-03
-1.432913448292412809e-03
2.923797042638271934e-03
3.635234986018965036e-03
1.170855380086301828e-02
-1.138338152224260998e-02
