6.429328899079592152e-02
5.678469970657558027e-03
5.875656816460785199e-03
-1.429610276505766109e-02
-9.756327774955907139e-03
2.170008444790959626e-02
-3.884402652612996970e-03
-1.523121700457271722e-02
2.061382124558119519e-02
-5.607858686718392507e-03
2.453451496180832428e-02
-7.023317533482082570e-03
-2.564816811458334872e-02
2.231696747167015351e-03
-2.127876199647028843e-02
1.642964542119655300e-02
1.491314700792838004e-02
-6.689315817317176976e-03
1.924060104618086076e-02
2.215497109344090332e-02
2.285759700872569671e-03
-7.681300038430590588e-03
8.864456321972878639e-03
1.011099602614298244e-02
-2.195267914181077418e-02
2.175515631188605636e-02
-6.516354567201523840e-03
5.912648152577422650e-04
9.345776747941009557e-03
2.768036352418352941e-02
3.697909814191043670e-03
-3.436328731801519334e-03
1.834074479173476062e-03
-1.779391426283645548e-04
1.056342573864702851e-02
2.295068313644105934e-02
1.708984449202470904e-02
3.722067705251686821e-03
-1.653732804719212565e-02
-2.367800000926508983e-02
3.334010400508388705e-03
5.394724112033672317e-03
6.724910449361871240e-03
-1.320408564095117837e-02
2.759035184725048412e-02
6.002116790690445458e-03
-1.067336019923759204e-04
-5.167156020467029987e-03
-1.658663818550054972e-02
-5.025737841047072871e-03
-6.847100456357920265e-03
-5.633286018331288246e-03
-1.364394806403123120e-02
2.169999820978716579e-03
-2.050629761614618241e-02
1.971534816304172655e-02
-1.641029463613789124e-02
-1.312340862854612968e-02
2.904422525252846679e-02
-2.530074581705091946e-02
-6.621849781696199921e-03
-7.341857395008581644e-03
3.640738609864955545e-04
1.070306133653443209e-02
-6.572683487725126950e-03
