1.753371183837712788e-01
4.987667982592666749e-02
-6.232574090417181134e-02
2.424761969458598745e-02
2.485922485166142115e-02
-8.658540052981458790e-02
-8.338779676879506941e-02
4.266784976606766144e-02
-2.078406126492451239e-02
-2.245239548250795025e-02
-3.447566840487620299e-02
-1.579663395477804919e-02
5.039958859048493389e-02
1.661508917572632540e-02
1.362098232171829459e-01
-1.366209445220990804e-02
-4.467939192784910196e-02
5.925174588434222421e-03
-9.818141468962376592e-03
-1.161165437800188924e-02
2.742485819490624033e-03
9.058909351552846267e-03
-4.386415260346815566e-03
-3.941095406061492085e-03
8.379445646450325857e-02
-8.842441914724470664e-02
-2.008872749242030659e-02
2.053968182535943071e-02
-9.035098200840137317e-02
2.125128475098855482e-02
-1.867286079443368236e-03
3.960662101761640123e-03
1.046336613026036325e-03
-1.156627238089276768e-02
-7.314762807529232025e-02
-5.299306764152617033e-02
8.627664632177663162e-02
8.426094736734399127e-02
2.883568901184502264e-02
1.103753246135853218e-02
1.179744084958491562e-02
3.765469216675561628e-03
-1.106167314519200182e-02
3.681818583258757854e-02
-7.808426957501540810e-02
-5.438870597789755706e-02
3.203189235605993085e-02
1.776829789701060008e-02
3.385404729924543221e-02
-1.013051714753044653e-02
-5.339145515875449131e-03
-1.507304226442409724e-02
-1.021149923528292397e-02
2.102797455313529500e-03
7.146328422868651609e-02
-4.499748517967752659e-02
1.404289862836723829e-02
-9.694881534933347256e-02
6.759488850173615837e-02
1.098064804136423579e-02
-1.473264915920947417e-02
-9.686597412090106746e-03
-4.329068895584323000e-03
-3.060907892094214683e-02
6.964942851991687278e-02
