6.993833969073466605e-02
-5.466763873220596009e-03
4.782267537313639530e-03
-6.775806315177346564e-03
1.820702514723450058e-02
-3.300547893314028508e-02
-3.558006216360184992e-02
1.068053588876832251e-02
-2.179077610654650554e-02
-1.459549996636023972e-02
-4.201676423823327844e-02
-9.907939266013549018e-03
4.010432434102235988e-02
2.027518061341805622e-02
6.926518534543846251e-02
-6.357501241010064981e-03
-4.703292596452823826e-02
-7.867448415472391710e-03
4.596572592630317373e-03
9.565876357918884701e-03
-4.053456036784299117e-03
1.393834154063315319e-03
-8.037525661356850152e-04
-5.648689913199039098e-02
-1.735889012706779561e-02
-4.606612497051607719e-02
-6.378608979115876071e-03
-1.356830422184835197e-02
6.589723299590223744e-03
3.359917351860270763e-04
6.177485030071209332e-03
-1.335216724309933826e-03
-1.846730671494774051e-03
1.399611854034250261e-03
1.493440200686128178e-02
-2.698792666176825714e-03
1.266758936026981044e-02
4.563692814929499152e-03
-3.901658875943267435e-02
-1.403910577073982403e-02
3.672784081834153808e-02
-4.583399340951498958e-03
-2.313741364381839607e-03
2.508088144476637582e-02
1.375353439030578377e-02
-6.852340989519355163e-02
3.837710362742627421e-03
-2.486795049950063854e-02
-3.151743321834997447e-02
-8.211271919541632963e-03
-2.691278457735956850e-02
-2.421939709573152355e-02
-6.174536235900262432e-03
3.357262525222935202e-03
-7.923438981981074242e-03
-3.035786679329774071e-02
5.703412706814323802e-03
-3.371820277587255638e-02
-2.856773432839903107e-02
7.845688737144149508e-03
-4.371602629270192851e-03
-3.707341232091118741e-03
-2.989060854177666079e-03
-1.161864986426360338e-02
6.531562371875219292e-03
