1.231333354226183119e-01
-3.291760820383559175e-03
-1.523627908247733934e-02
7.570827966737064992e-03
5.281031204232114994e-03
-3.762768227373533558e-02
-3.175001667719459103e-02
-4.484822006127803934e-02
-1.229515415135649763e-02
4.733731509060962878e-02
1.348139738320162234e-02
4.243114345311925495e-02
-1.343963389842101931e-02
2.090169002547135474e-02
9.786363575477145804e-02
-5.951827221191512834e-03
3.165747126583159238e-02
8.044028888858294202e-03
5.140331388317324196e-03
-4.254212284634220631e-02
-1.998951409425614185e-03
-2.847717050225014946e-04
6.375210745062755494e-03
-4.047748409346769993e-02
4.332292120863143886e-02
5.964015030033529424e-02
-5.601360815960482187e-02
-7.591610365085967038e-03
-5.064556743446191334e-03
-1.075277414917715467e-02
-9.770683124987708176e-03
-3.473483075721953313e-03
-1.467094013095800870e-03
-4.481850430319742062e-02
-2.295423726084996549e-02
-1.383647550890843361e-02
1.265353729094778612e-02
-2.548798203648088359e-02
2.495129397178541542e-02
-2.428000132245312914e-02
1.045697956617468345e-02
-8.334315679214642988e-03
-4.597269618838078185e-03
1.782958079507759169e-02
-3.596668226020292847e-02
7.439553924752137504e-02
-1.873612675207570952e-02
5.679796452444658972e-02
1.839345488962379482e-02
1.296703889471691011e-02
-2.104697674252523770e-02
5.754810991459397181e-03
9.087240876640981929e-03
4.384867288763328111e-03
2.845613036276319063e-02
1.245900421987196881e-02
-7.163609641978600090e-03
2.508924751711852016e-02
3.326669747957541889e-02
-1.398854542433635231e-02
-1.138408589352776779e-02
4.503354702533611358e-03
7.126019320283025725e-03
-1.689755506722714559e-02
-2.132774541367627591e-02
