1.651239640127334929e-01
5.018672078443612433e-02
-9.222747505059547546e-02
2.903446137518828074e-02
3.850970966035640458e-02
-1.483724982350231314e-01
-9.108347385529008688e-02
2.378273327166574580e-02
7.065845202805809758e-03
-3.138574347639274537e-02
5.475705212034001450e-03
-3.683823311704768205e-02
5.169925215726530084e-03
3.050235313087098707e-02
2.192317925070540741e-01
2.752924197196063294e-02
-1.688719132374983181e-02
-1.368437167817284673e-02
1.896653193164894377e-02
-2.980074500236811266e-02
1.374809979218857316e-03
-1.461968786445384111e-02
-1.590560003418357501e-02
1.910455664637336626e-02
4.046572704099931500e-02
-1.021523998892115426e-01
-2.973433006017405910e-03
2.205628277807548943e-02
-4.069373497296583514e-02
-9.867600304774659312e-03
-2.115459921271939468e-03
-1.078568648818500030e-02
1.913340852528980229e-02
-3.975367330031128604e-02
-4.405457146133808649e-02
-1.457395747015829968e-02
1.504683786672301737e-01
9.589968887620227422e-02
2.118168002173373421e-02
4.577360175457840900e-03
5.524861928325491833e-03
-2.551328875078741516e-03
-4.371356068919286797e-03
7.648624874357493053e-02
-4.768789557198247625e-02
-9.879359195445291952e-02
3.013834969650003304e-02
-4.203672498983304856e-04
1.323161185828856772e-02
-5.741989173447820637e-03
-3.629925770569687477e-04
-1.115895817191348352e-02
-4.198266241676933651e-03
-7.140864967617766533e-03
4.274994010608375306e-02
-3.649978070812469333e-02
8.164308189942807471e-04
-1.230927313712292526e-01
1.383581706795408428e-01
3.134757829069871084e-03
1.953363198809282466e-03
7.039670652554713866e-03
5.711836407571516117e-03
-2.609351470171583642e-02
6.133897305311340059e-02
