-4.469334417314355101e-02
-1.137181499191419060e-02
1.039009651186074794e-02
9.196076955383298591e-04
-4.242878103535607554e-04
2.212824980874251307e-02
1.534678977638246483e-02
-6.624190815150961774e-03
3.022319950202110878e-03
4.353476290343383237e-03
4.564131354745057899e-03
8.870111522554506578e-03
-7.969644858953078490e-03
-4.150339737767908682e-03
-4.527912995280972130e-02
-2.395389226985509754e-03
5.918102896427007015e-03
3.455058948424946652e-03
2.385353496057901132e-03
-8.650227286271457844e-03
-3.056980303439153952e-03
3.865380325647134550e-03
-4.439618469148943862e-03
2.811672749555462598e-04
9.529082326030169359e-03
-2.710616513301711966e-02
1.280115160578595805e-02
1.280655912078394222e-02
-4.706621802896153450e-03
-6.027152624224124677e-03
1.213389141852780871e-03
1.826348312432216157e-03
1.360774541399100606e-03
2.425695893228602476e-03
-1.022141579121224261e-02
-3.501792669179659701e-03
2.816127894736677670e-02
1.201481177329430730e-02
1.770337494195672735e-05
3.960084706197844993e-03
-4.516398637468244451e-03
1.419162246378224534e-03
4.759455549025505289e-04
-1.850932303099522488e-02
-9.528397870028753117e-03
-2.785080547596795186e-02
9.121530125729669387e-04
2.096186706263613014e-03
4.481562248057848266e-03
-1.265349069690875389e-04
3.249060027448026286e-03
2.483670828140937333e-04
8.667569149861351378e-04
-3.742215406325103029e-03
1.127571512203608128e-02
-1.939454131084719299e-02
8.256468763766842620e-03
-3.005482903791693167e-02
3.478987844172070493e-02
4.560572272297013646e-03
2.236217148367340962e-03
2.176516620490462264e-03
2.319465906263416029e-03
6.528577419894736854e-03
1.074338058564725668e-02
