-1.466290098397166064e-01
-1.796592046178427382e-02
2.522285853147161402e-03
1.442521722261800102e-02
-6.328278199347669997e-03
-2.694648984595435226e-02
-1.803429564277145292e-02
1.770022545935853384e-02
2.934252950827920779e-03
-1.064587387068308133e-02
3.500535108620036508e-03
-1.650212241013722381e-02
-2.779014633192227607e-03
-1.527956472175031992e-02
3.474546238093226269e-02
1.177755002550698663e-02
4.961597450524681679e-03
1.191401840380368338e-02
-2.465190266180845510e-03
2.374439576578830577e-02
3.301747584090017514e-03
-2.687685522537893584e-03
-5.303086718462185836e-04
4.355768926948543063e-02
2.665992604981504404e-03
4.120064822401473675e-02
-3.542599745208595968e-02
2.883889268364179560e-03
1.803335998287401709e-02
3.352260842232240162e-02
-2.607978334806939497e-03
4.612578696689453514e-03
-2.794688703733697217e-03
3.966781424838960839e-03
-9.863710358526490973e-03
5.346783048846723459e-03
7.126296667256126934e-03
-1.580390609812562172e-02
-2.457499344806081398e-02
3.094049922218625182e-02
7.139929086301209822e-03
-1.925471117105061322e-03
1.057852018208176688e-03
3.910636287253190652e-02
-1.478724579973581324e-02
1.612551191029720082e-02
-1.345219443171112063e-02
-3.269004939143692334e-02
-8.529861026071830152e-03
-1.713941114473737856e-02
-4.729106702952060558e-03
2.491713709047514280e-03
-7.579249612238942412e-03
8.469236001194988331e-03
1.385351184400491348e-02
1.902632222399531364e-02
9.570385266502270602e-03
2.814298094395806943e-02
-8.917934626769638985e-04
2.027028566864663012e-02
-9.384114246709363699e-03
8.409073777421295290e-03
-1.075773709087036317e-02
-1.352010676700254703e-02
-1.293934287155430046e-02
