1.886023116170900196e-02
3.195690082265263854e+00
3.075500853454645966e+00
3.405325106882400199e+00
2.696568182998163810e+00
6.826482406155495175e-01
5.755110779783986219e-01
5.848601460269198249e-01
3.102601139121137663e+00
5.774873122888783961e+00
6.004497042171312415e+00
2.386498550212372116e+00
1.842018102128526236e+00
4.074660865884322192e+00
3.499233647812183268e+00
2.562505474453354637e+00
1.579711778824033352e+00
4.860060302170282398e+00
1.545321190517679799e+00
-3.305286130751963758e-02
4.193838856168240703e+00
3.658750200903778005e+00
2.106153956006302064e+00
1.522035685111839731e+00
7.070643579484938712e-01
5.345781117327720544e+00
5.954951826872109111e-01
4.703111808052104159e+00
5.867091658769171048e+00
3.129466080166068309e+00
1.470440523972205815e+00
2.976003320472909941e+00
6.124312002828598445e+00
2.907199815017571520e+00
2.643097740531714201e+00
1.835214216260068643e+00
2.244763144965091328e+00
4.395545176505330609e+00
5.709331072071250901e+00
2.303692873437075406e+00
-3.689164869476264097e-01
2.558358444473238791e+00
5.575170439345730422e+00
-7.480094166562681335e-02
1.529105326776780460e+00
2.130508533632674784e+00
1.625047495524312380e+00
3.890800196668283140e-01
1.826115305997359606e+00
3.269648224829676764e+00
5.335848102574106910e+00
2.961450048822881875e+00
5.967327665877718346e+00
2.900662728812266167e+00
4.034081258973787776e+00
5.175378416295587591e+00
5.208007515689268452e+00
5.033060505170938725e+00
2.217441307650427074e-01
2.316182534589994013e+00
7.785819226636915280e-01
5.761436128494111131e+00
5.234918114767351582e+00
1.554246445214058081e+00
4.091719022275573714e+00
