7.357005899387289438e-02
2.824983851733227969e+00
3.463578972692264113e+00
2.954862549926538851e+00
2.554737433058295260e+00
7.023939183859947422e-01
7.997013130623049637e-01
1.086561511470471419e+00
2.841941981094619596e+00
5.790486691842089861e+00
5.767794886127814991e+00
2.429970591514098111e+00
1.963891296957209986e+00
4.202118865703717177e+00
3.696784838215379398e+00
2.727257782350939852e+00
1.410984262165219549e+00
7.794262879809550348e+00
1.446942152615361188e+00
1.192739618871189056e-03
4.058227248470669402e+00
3.134295631086528644e+00
2.080319848308325170e+00
1.545667495621077858e+00
2.890821747939498199e-01
5.318882540857578611e+00
1.323195549718726882e+00
4.800390142393760939e+00
5.377386221491870621e+00
3.615608298185023717e+00
2.014143747008551699e+00
2.615162458039548721e+00
6.291352508567069179e+00
3.138790102850637975e+00
2.819482298093164641e+00
1.901943775452862750e+00
2.062417397110817063e+00
3.797440401048303382e+00
6.184795943937253959e+00
2.991483137033427830e+00
1.407281473966222607e-01
2.437653452515569086e+00
4.839814460207951363e+00
8.865591618305218580e-02
1.615094589671758785e+00
1.617620674317607143e+00
3.200036505745222026e+00
1.100071572495932848e-01
1.948472385898753600e+00
3.159831274627043385e+00
4.673497024657910615e+00
3.178753006858369812e+00
5.337055159325994502e+00
3.270871370942933787e+00
3.918671158769110541e+00
5.873518813081611611e+00
4.613987891218219062e+00
4.991922279912168747e+00
1.146127547848189598e+00
2.718312816227130391e+00
9.564825048707767952e-01
5.886886215465164440e+00
4.771373938128806280e+00
1.625970469894784554e+00
3.890427106646099809e+00
