7.419848426243241812e-02
2.834416257808717088e+00
3.460543229605795190e+00
2.932503883438227987e+00
2.550152727290381005e+00
6.778872092383176895e-01
8.103850427961144520e-01
1.102800233490996540e+00
2.824268049724354412e+00
5.819718851855036235e+00
5.841394062543603383e+00
2.423394555882250945e+00
2.008168842705217116e+00
4.200093023879508891e+00
3.686327760593123504e+00
2.729639189134038801e+00
1.456858985912795834e+00
7.731827546464460355e+00
1.442130975052319020e+00
-3.086247239024859229e-03
4.124545219902630677e+00
3.154213532617366145e+00
1.854994139712253798e+00
1.539969876115234282e+00
3.105351468715368268e-01
5.315615704724924839e+00
1.246030845878761228e+00
4.797060087429302122e+00
5.371191322286693826e+00
3.603073993506707762e+00
2.106404151396232827e+00
2.521658171624970635e+00
6.029146230161956055e+00
3.163528021063182205e+00
2.851078657589955156e+00
1.944858982516997070e+00
2.047326955553789407e+00
3.813286569621400002e+00
6.153218468639527927e+00
2.945986427789343498e+00
3.055777211812143457e-01
2.349825702315579523e+00
5.061973782183659232e+00
5.975645102082811910e-02
1.628664722023207556e+00
1.577135779881640332e+00
3.227332248105506007e+00
1.295906604729066547e-01
2.020085669519510851e+00
3.165456400740238152e+00
4.755751239881959691e+00
3.105026748691070981e+00
5.227038700972828522e+00
3.270183848272312233e+00
3.941253668413724931e+00
5.839477112598682851e+00
4.647189730205361080e+00
4.978610203184079097e+00
1.108413197730740540e+00
2.773835705073665725e+00
8.963365666217733008e-01
5.781887703078418816e+00
5.051158123769245556e+00
1.608632739821625801e+00
3.904410978933469334e+00
