7.014006564007033151e-02
2.883584706712118528e+00
3.449050583323386654e+00
3.031768306687123715e+00
2.627543721954769929e+00
7.165407985355287668e-01
7.219821164501194488e-01
9.375646729632250986e-01
2.968066971992763925e+00
5.721241239173546766e+00
5.723228839653314637e+00
2.335378186981474258e+00
2.194553459171380894e+00
4.187031120300201081e+00
3.636809630791956849e+00
2.743155228728990203e+00
1.434957182372863516e+00
7.764724882675395179e+00
1.432764909827451971e+00
-1.239832374684705051e-02
4.343059687580531403e+00
3.170799841112942996e+00
2.215723309129479457e+00
1.535280086308786540e+00
2.754568208277361485e-01
5.315648151474263727e+00
1.523901304109598343e+00
4.820371493057316492e+00
5.217519289458969922e+00
3.583220336697772179e+00
1.920020356904160730e+00
3.095585505386019509e+00
6.167798087228050008e+00
3.148695628570664429e+00
2.864502039284009260e+00
1.894830278477636298e+00
2.102727854365986637e+00
3.782885140566408122e+00
6.254091445363820334e+00
2.980066389888125666e+00
2.764694496760974340e-01
2.446657253080019689e+00
4.855873154646293877e+00
4.602068183595531270e-02
1.594155467838677120e+00
1.713183663907716259e+00
3.279086675679506069e+00
1.283749041830207493e-01
1.724454011322894775e+00
3.124877498313983093e+00
5.025391255663823387e+00
3.004334381746184057e+00
5.418326663909046381e+00
3.329989488387620433e+00
3.930935026635767215e+00
5.952449198848303702e+00
4.409229239620820806e+00
5.016213961715707548e+00
1.176421437864642483e+00
2.735435296617409140e+00
5.886551869464625719e-01
5.577678649773103459e+00
5.126636657605164515e+00
1.597014234165871072e+00
3.905328504704838277e+00
