7.383367851231797951e-02
2.844550404244061692e+00
3.430732059643345710e+00
2.957141929258293889e+00
2.539868144409098694e+00
6.882120501118488276e-01
8.399489311449950257e-01
1.060705986020312741e+00
2.823641675197125611e+00
5.738651375028214652e+00
5.824494431043907738e+00
2.533641851049611926e+00
1.935850694652691661e+00
4.165399836738856720e+00
3.705547741432809961e+00
2.784957336979032139e+00
1.406677671203328206e+00
7.809780916695125086e+00
1.425242049750295115e+00
-1.724383104862189930e-02
3.902862534285542750e+00
3.161792254460255247e+00
2.216627176265809851e+00
1.575919508287325854e+00
2.507544826970944940e-01
5.362427615847423112e+00
1.292459794342724955e+00
4.756629863564326932e+00
5.415897234422445194e+00
3.610209266421306573e+00
1.768938470653851569e+00
2.963846191763390703e+00
6.054284736150786550e+00
3.134813273529536204e+00
2.737766491965202942e+00
1.867684056849627572e+00
2.100671897099492647e+00
3.819977737838179177e+00
6.244380564089622609e+00
3.040400699101947435e+00
2.013833297668519984e-01
2.703902819337981267e+00
4.869619655041573125e+00
-4.400115021211791454e-03
1.664441286267109632e+00
1.653631277174045566e+00
3.137049560603775600e+00
1.384132512291713357e-01
1.882800442046281830e+00
3.114374776396649391e+00
4.880143567078180311e+00
2.882056943949595329e+00
5.436289731597168107e+00
3.281554761440905743e+00
3.967715726872193205e+00
5.857231297878813692e+00
4.623698984386144240e+00
5.050486734107551001e+00
1.180789851298678084e+00
2.691304414641823683e+00
9.075177669705785100e-01
5.718870168062065495e+00
5.208246369104676532e+00
1.578377312649644093e+00
3.948409605347984463e+00
