8.484970864240626298e-02
2.801649236021539036e+00
3.535790796637148237e+00
2.812507936637808736e+00
2.544813485286437693e+00
6.608453726520188143e-01
8.967423040268376333e-01
1.132589700269616806e+00
2.798241079742926019e+00
5.775297794405321206e+00
5.834901938755595374e+00
2.488433116245928112e+00
1.945659028493706533e+00
4.121702475154069845e+00
3.758425678072135234e+00
2.734245710832413412e+00
1.495393542931458208e+00
7.678064074915378789e+00
1.471125880201500591e+00
-1.107019483095527876e-02
4.011315897301884092e+00
3.216416359348928555e+00
2.012380041630280392e+00
1.543525317656779805e+00
3.198818865341439555e-01
5.323412951180970687e+00
1.192675638388064563e+00
4.799542892389787596e+00
5.494023102278452697e+00
3.618509006202126788e+00
1.904861832407202415e+00
2.539020479109578510e+00
6.275403887073683684e+00
3.186756895099768894e+00
2.825914684930851628e+00
1.958348689591254743e+00
2.095935314987777520e+00
3.871612557480371475e+00
6.326335447749856122e+00
2.904416502021581969e+00
2.767307400145320173e-01
2.280512495535166995e+00
5.034902298236355378e+00
5.995811750725565242e-02
1.675256777463096425e+00
1.556766337869105676e+00
3.279257678695289613e+00
1.793794257915402035e-01
1.904102762580981878e+00
3.137563564888688816e+00
4.688520043475932653e+00
3.021082272967026139e+00
5.205130331517850095e+00
3.299551304015698072e+00
3.955365423607179132e+00
5.811810680565227649e+00
4.692226077587330124e+00
5.007677055338151106e+00
1.089703041965761621e+00
2.803876176063905934e+00
1.013003379502870116e+00
5.727552214875310632e+00
4.987937387903006226e+00
1.627831725801102136e+00
3.980782310249314282e+00
