4.388357331290837493e-02
2.992651524109907424e+00
3.325126482801830097e+00
3.066804819794642256e+00
2.678261119468912987e+00
6.131546185850287323e-01
7.383669437822987236e-01
6.584579214829066052e-01
3.080664567893525607e+00
5.820672361620437663e+00
6.058346434291729921e+00
2.509066731708681441e+00
1.765612072267193522e+00
3.980318785450213781e+00
3.556114647631217096e+00
2.623810134601986643e+00
1.452978584309624344e+00
4.911558849205978738e+00
1.805664600013576759e+00
-4.357802225614059582e-02
4.250440738936760887e+00
3.836461256464558822e+00
2.236438514008157075e+00
1.525248145870550465e+00
4.313753412522091102e-01
5.248352871206740211e+00
7.034805248725338744e-01
4.782045377471737524e+00
5.680919515924792940e+00
3.027445514031140927e+00
1.689131692877996693e+00
2.911496558224313524e+00
5.773680315075304215e+00
2.794677213497667179e+00
2.699744354482604525e+00
1.953622619007166383e+00
2.350628917223001935e+00
4.308109757451397570e+00
5.887083282580252153e+00
2.501234604136213235e+00
-3.088857414988461780e-01
2.521902728448949471e+00
5.341932429455684250e+00
2.322304812937302232e-02
1.570266253385268040e+00
2.037025459370987335e+00
2.135500489770411292e+00
4.758815446509717106e-01
1.921884954004588586e+00
3.211328433130168580e+00
5.295592507495142875e+00
3.021181057598092856e+00
5.849013671568197736e+00
3.123131520179970533e+00
4.162184165982593775e+00
5.510778965206225344e+00
5.199746532814192079e+00
5.239224960113102902e+00
2.908670067664047010e-01
2.432415499716728657e+00
9.757959066547752247e-01
5.862683214545007182e+00
5.440720547385591743e+00
1.662472963289551187e+00
4.209564759124795330e+00
