3.695539573504953712e-02
3.019467904397649782e+00
3.365288411192923324e+00
3.068537729931482883e+00
2.695724190258217412e+00
6.439315946886418063e-01
7.837093098124499058e-01
7.311891360932157857e-01
3.077737686553249752e+00
5.833133725098838873e+00
6.118368815743980171e+00
2.565860896438798999e+00
1.824529713783006768e+00
3.917332988134524463e+00
3.597644289700408837e+00
2.732059313752941421e+00
1.512586113519188924e+00
5.098083801144119853e+00
1.811038300122068234e+00
-7.831945101801163212e-02
4.042631237812745582e+00
3.802784709968261456e+00
2.350501721876948835e+00
1.510855049226359936e+00
4.191515015825540424e-01
5.186286665664997741e+00
6.449953272129131943e-01
4.899177422176845376e+00
5.654766497554438942e+00
3.128448966362214811e+00
1.465628153089782781e+00
2.801102008599541282e+00
5.967985014413022427e+00
2.810288684928895275e+00
2.689766483514233197e+00
1.994560026716626799e+00
2.348427551531466762e+00
4.323930078088240592e+00
5.921477099775658282e+00
2.570942499911293311e+00
-1.991553194514434910e-01
2.576910984009649574e+00
5.330754351107676037e+00
2.565783388580255772e-02
1.477935071660347210e+00
2.031499757251890248e+00
2.053496726885309709e+00
5.349892158569120593e-01
1.773083992020028088e+00
3.236355251097901675e+00
5.317447349916821331e+00
3.176277420122048056e+00
5.974242352178383619e+00
3.137241889953545471e+00
4.184296143792301415e+00
5.423198296659156092e+00
5.124471133781768550e+00
5.142276650278064132e+00
2.569032317937580689e-01
2.526596032483713561e+00
7.214917304246234453e-01
6.318239843641205056e+00
5.426820097189358094e+00
1.642360863456238107e+00
4.208422845366881937e+00
