8.405705483916270371e-02
6.224082619648214389e-03
-2.627579426927234888e-04
-3.154965872927796913e-03
-3.902776609654556167e-03
-3.200070698321834557e-03
-7.376815293044462069e-03
-6.612250157638052857e-03
-1.872267123370388066e-03
2.533297573645122182e-03
9.659038783531432443e-03
-4.784494253327180660e-03
-1.501348890288404896e-02
-9.231020891622859249e-04
8.863261206395153455e-03
1.334883806502734638e-02
1.371162651605614680e-02
-5.711465184735656231e-03
1.943224806194858174e-03
2.299798168246763863e-02
8.163719943951050842e-03
2.406528760700381384e-03
-9.858231085139088339e-04
1.701721164789038454e-02
-2.203415229029859201e-02
4.209619924849708483e-02
-4.324032993571358548e-04
-5.416234904279697802e-03
2.081254877757156285e-02
5.786260271691734750e-03
-3.162900901686690764e-04
2.883619673928544073e-03
5.242843904301698263e-04
-7.457586513786896047e-04
2.245090553518643353e-02
2.569481251671609442e-02
-1.381215080253100393e-02
-3.937433122193306073e-02
5.047493257111854278e-04
-1.671416267316248525e-02
8.140999393712598439e-03
2.251141515502022052e-03
2.203788819222555172e-04
4.633752090933983964e-03
2.154107757658399458e-02
2.611659954210204804e-02
1.779012836495668867e-02
1.638642805737917625e-03
-1.168890255575744498e-03
-9.362326236687963307e-03
-8.139404389914927859e-03
2.513532761791478169e-03
6.101915375210827379e-05
-1.515513071616728623e-03
-2.303513634681526867e-02
1.186038395676210916e-02
-3.067896849318176196e-03
9.020415715222064243e-03
4.898408721977384056e-03
-2.373524208303506508e-02
8.208030998277826562e-03
-2.107636814593813381e-03
1.122680009790743552e-03
-1.106991078577640106e-02
-2.981236898662600540e-02
