7.696309786905349004e-02
2.762381260513220749e+00
3.526009967873537487e+00
2.781841918313743722e+00
2.502155176515912682e+00
6.636042680332309152e-01
9.101051131641838543e-01
1.080331407584231185e+00
2.829491323883877918e+00
5.763351659872555821e+00
5.885011901857342131e+00
2.413782042465462130e+00
2.041342378957109016e+00
4.086952468296990659e+00
3.759537377115034218e+00
2.702738315444786377e+00
1.355205767416130858e+00
7.438679989521976843e+00
1.744272972139069955e+00
-4.208269780899047408e-02
4.069023997713706819e+00
3.309400320107465099e+00
1.710348576206916160e+00
1.503353401136742873e+00
2.505050628962227077e-01
5.342496688805195681e+00
1.229879699484441868e+00
4.813468020978191930e+00
5.357773130226807012e+00
3.610814971751448610e+00
2.341952369796366895e+00
2.902413663548225387e+00
6.276856684510295104e+00
3.283041690465505535e+00
2.906848600973520380e+00
2.218265768357204237e+00
2.112106678385226921e+00
3.959820275465353312e+00
6.356309770231126421e+00
2.702602934401654000e+00
5.169489595349188171e-01
2.402067796743046824e+00
4.499046750100131220e+00
1.035206433786085151e-01
1.728147869334461184e+00
1.525652200308566186e+00
3.367405281389848515e+00
2.025968252105456724e-01
1.860430574065074394e+00
3.142202645587004461e+00
4.412061122046006645e+00
2.928024327021659268e+00
4.913776566143383207e+00
3.286541937060849072e+00
3.909557528134273152e+00
5.759939183985369304e+00
4.755295258992151552e+00
4.917182856438262029e+00
9.122173720994023460e-01
3.131151862182329992e+00
8.682982821794184014e-01
5.696579627967075510e+00
4.619485461262496706e+00
1.669706246471331701e+00
4.051962446437884502e+00
