5.362621351363869998e-02
8.639156116446607830e-03
2.561903483551465719e-03
3.969072700081207987e-03
2.489248918137019345e-02
8.379591748852629682e-03
1.524517825273992780e-03
1.051613019876989664e-02
2.872308282589046760e-02
2.254748906395033243e-03
2.047086409208071552e-03
1.458170430874299083e-03
-1.888282213538496589e-03
5.101399446900904688e-03
-5.341810067252844574e-03
-7.906482360363340997e-03
-8.533835140904702868e-03
-1.373972763863740877e-02
4.300068496308951174e-03
1.600051019375752425e-03
-1.799584134687820264e-03
4.715869734334872127e-04
2.545651603405181627e-03
3.246584558964288650e-04
1.102795161905540527e-02
-4.687582366050738365e-03
1.895650798872714100e-03
-8.659804497442876933e-03
2.424091874018699175e-03
-3.097682963851787485e-03
-8.201784827116470958e-03
2.030563409765621247e-02
6.746286448502407732e-03
-8.045789037554219522e-03
4.984843940784061851e-03
-4.762534874604922031e-03
2.756761379609796656e-03
-1.186848135718458151e-04
-6.313392794250052148e-03
