1.208279023183089357e-01
1.622934151966411859e-02
1.616441997920004675e-02
-9.442840774731099673e-03
4.302494648688615086e-02
2.170019262054662806e-02
-2.094538610693826627e-03
-9.824271278169438419e-05
4.690046086730111780e-02
7.087916932635749540e-03
2.028917568761334778e-02
5.718761468315469026e-03
8.942427883049131401e-03
2.015076754588030275e-02
-9.048744368149591599e-03
-2.595667269616655504e-02
-1.581906902097511211e-02
-1.870925957804683501e-02
-2.565957661730701705e-03
1.164314512142307356e-03
3.016619194146246720e-03
-4.487226415913707529e-03
-2.543898197981136425e-03
-5.318772684045844530e-03
2.207047457324762263e-02
9.455104658896259368e-03
1.655032780320536776e-03
6.002285014121922814e-03
-2.408045621436110621e-03
-1.707824371482873256e-03
-1.300713597377821731e-02
4.684572359318217583e-02
1.160890424178212012e-02
-3.658309321049426494e-02
1.852447163737430680e-02
-1.590449080891878121e-03
-2.749533768070317168e-03
7.890719338779000544e-03
-2.213015701902209045e-02
