8.137681414383604594e-02
-4.512133147866140975e-03
1.407501771402900476e-02
6.473211766982379066e-03
3.297598088920124237e-02
2.600939043456445068e-03
-3.832988137763454137e-03
3.145045187410452220e-02
2.522830052903353437e-02
-2.056768656686753475e-05
3.046896158985027553e-02
1.074789536094076722e-02
4.806176344831997811e-04
-2.380087971387164630e-03
-1.490315954760751405e-02
-2.499326180570103639e-02
5.087187685602598958e-03
6.424371247724902992e-03
-1.591100369292813843e-02
-5.478209456350449993e-03
-7.045970053045304618e-03
1.932898428067668373e-02
-3.389681106559889676e-03
9.565442496871121025e-03
-6.413315761801510924e-03
-1.242311729333588771e-02
-6.335394864430295842e-03
-1.328973364301336627e-02
5.098478419095059909e-03
-1.118440325287019602e-03
-6.059971654208965580e-03
2.713777699553311662e-03
-1.646251043657476903e-02
-2.335157168149643026e-02
3.696385626114950806e-02
2.454316841536708597e-03
3.365751570404902399e-04
3.878897226845386820e-02
-3.213929079809851180e-02
