4.551116357200162277e-01
-2.351807805854213423e-02
3.120557550950914250e-02
9.373081010139333591e-02
1.625340592514763483e-01
1.149567261857169925e-02
-1.319812520652003177e-02
2.070636302911476878e-01
8.470636929987869490e-02
-5.300363603180448940e-03
2.066015234210152873e-01
7.688531027710578114e-02
-2.762049399104326078e-02
-1.363789159268034151e-02
-5.170711968294394723e-02
-1.966100707772004963e-01
3.696468786251055905e-02
3.752479439924418653e-02
-1.163688488454911324e-01
-2.333281442264288977e-03
-8.369791790175980239e-02
4.926074409916107039e-02
1.864729560803260466e-03
1.305249621358197387e-01
-3.622907363486050497e-02
-1.059767042774280021e-01
-8.699910224140514070e-02
-1.031851857979407261e-01
3.802641970517033759e-02
-1.071270092256800498e-02
-4.932726673902981807e-02
-3.561022614337228803e-02
-1.385995164870867102e-01
-2.035801700906388345e-01
2.331519018943006560e-01
-1.533233460309374810e-02
4.379470943592343735e-02
2.094157664161490906e-01
-2.019047585499273711e-01
