2.282351520687520181e-03
7.297966428419386470e-04
6.575193790079366524e-05
1.993457190986929958e-04
8.304728807224594396e-04
4.961979625547893258e-04
-1.880292546880496334e-04
-7.103058366537740899e-04
9.394167321753119082e-04
2.884367416820638429e-04
1.407579754299578421e-04
2.146528276599887124e-04
-5.277344389842744676e-04
-1.930043177702750430e-05
-4.619627834249642848e-04
-2.675703952226101876e-04
-1.134153074471208437e-03
-8.616274127144174467e-04
-1.587674364689719740e-04
6.734170705019246043e-05
5.380864635136090165e-04
-5.871157162129236363e-04
6.450822355917206261e-06
-5.875652766877631581e-04
6.414193784125381270e-04
-5.383341967267127326e-04
-8.597694075550201421e-05
-8.808802087904504330e-04
-7.103799973599652013e-05
1.712676562022873443e-04
-3.395780567314915141e-04
1.228410583048733518e-03
7.216273564828409350e-04
-3.228366059771932395e-04
-2.431625147557103610e-04
-4.915989263758856068e-04
-3.658414734193381787e-04
-9.456054671579474952e-04
-3.459791917312570126e-04
