6.403473558932396004e-02
-1.390493787545487615e-03
8.605253504255000810e-03
2.180454198185929546e-02
1.403364094944358278e-02
3.527874833182452572e-03
-2.045205428571927539e-03
3.410021666280079605e-02
5.505895344058437356e-03
-4.547664884607885948e-03
1.996787974497707049e-02
-1.400732374211843009e-04
-1.725424152837882466e-03
-1.784631870964422610e-03
-7.602082364897711463e-03
-1.409537557831664657e-02
6.916064461413341108e-03
-4.212151316281182584e-03
-1.030848019347142645e-02
-2.025753378074557267e-03
-6.139447630706812431e-03
8.197082130142353124e-03
2.820014696784377186e-03
2.186537887808006481e-02
-9.145949744308962126e-03
-1.181227623428017862e-02
-9.704986750876396298e-03
1.904311430690810167e-04
3.899708277965836974e-03
-2.735983538245534072e-03
-1.114865741199485595e-02
-1.141885641284018371e-02
-1.322914624292871426e-02
-1.743905756017860922e-02
2.206205011030798122e-02
-3.164909074188374232e-03
4.295179347631611529e-03
2.636131254480160446e-02
-3.052150240860565175e-02
