-1.053012595970111986e-01
-5.968840093417100007e-03
-1.672624551683413521e-02
-4.517848260630462180e-03
-4.730449379956960104e-02
-9.506750031369796961e-03
2.319463442014745025e-03
-2.753968762966806094e-02
-4.462791581421131359e-02
-2.083520427816471648e-03
-4.051673209060044356e-02
-1.444132101909224863e-02
-1.281642279036789359e-02
-5.710447135582195216e-03
1.004633529357557356e-02
4.320255972317485482e-02
6.136192251418346594e-03
8.742791277542967532e-03
1.575879914988153122e-02
5.330396393510174365e-03
-1.618902426833467197e-03
-8.734271316713495756e-03
6.510444556993150167e-05
-6.244100873171981592e-03
-8.846366358161014340e-03
-2.057476924632726644e-03
1.782790691713422720e-02
6.075935939023256044e-03
-1.473847181566807947e-03
-5.138308216799598524e-03
7.030178105672236361e-03
-3.098610712188703750e-02
1.391807209936944505e-02
3.383481615801841452e-02
-3.979409020050245910e-02
2.553105868202936585e-03
1.608266247976554777e-03
-3.118876639193135514e-02
4.411267273854213578e-02
