5.072934678563052746e-02
1.404646739612750751e-02
3.700076445406277892e-03
-6.232121369557977290e-03
1.724908373274446072e-02
1.289230643524815617e-02
-2.282414792180347332e-03
-2.950471763564472584e-03
1.774482763106031979e-02
4.119352333694234307e-03
-4.840309850409492930e-03
-1.437440227692051223e-02
1.011701291949350899e-02
1.438184819560420040e-02
-7.963431673875760730e-03
-4.035730921982816875e-03
-2.148654570422381914e-03
-1.786849054536807091e-02
7.301068141603354010e-03
8.034155143735020486e-05
5.942730793224038771e-03
3.859875487601065885e-03
-2.616245337011777758e-04
-2.122811454742918810e-02
-1.322971312282628618e-03
-6.287318595116936706e-03
4.818121033341810078e-03
1.539403472181339640e-02
-4.896942432080979984e-03
2.311154889011519942e-03
-4.235110328770631642e-03
2.685255319226684950e-02
-1.739886686282396530e-03
1.549964104347294723e-03
-3.837432642272249270e-03
2.423893921827503101e-03
-3.455687096220071228e-03
5.620443155143990677e-03
-1.795027873994137733e-03
