2.507349054499466434e-02
3.704694055550477039e+00
-1.595863891312274477e-02
7.784299523842399537e-01
5.859180890267875697e+00
5.635487968837964878e+00
5.850039250354620357e+00
6.442240182085483546e+00
1.411267449838526478e+00
2.604547836706486708e-01
5.157131978278449047e+00
5.530276996388058919e+00
-1.902741514129745182e-01
5.540631762636216706e+00
1.677738103446545948e+00
4.339211595019242473e+00
3.894264754404638929e+00
3.662378907464562072e+00
3.765697743523962693e+00
5.717207919704713426e+00
5.471516905840683620e+00
2.647907512681452413e+00
1.065712276250807111e+00
2.426905870466181891e+00
1.982292986301643190e+00
6.011885883294683985e+00
4.179082275530642043e+00
2.485619407985373286e+00
2.478985617412663878e+00
4.272110038521388375e+00
1.396348270487755006e+00
5.935132352830574387e-01
4.637239869627071798e+00
1.352392080919364581e+00
4.376948227355328846e+00
6.443934399804637003e+00
2.456876079059751472e+00
2.255093370623226345e+00
4.873838747135709859e+00
