0.000000000000000000e+00
3.735982764028711767e+00
8.935882451974035134e-02
1.260065770201173052e+00
5.615809484304214116e+00
5.513222682070554548e+00
5.298166124109268793e+00
6.010378820352937801e+00
8.106536127409901260e-01
1.826917486590468875e-01
5.586403854971776717e+00
5.811299145057231108e+00
1.458835314283374318e-01
5.941720045766238023e+00
1.898055730052909063e+00
4.604299579337758352e+00
4.245028940806644613e+00
3.246944145969142159e+00
4.546056043324954388e+00
5.497085145748698665e+00
5.144285412205473307e+00
1.996654886075029722e+00
1.243553593017790559e+00
2.023225244278076929e+00
1.782982338290466151e+00
6.062157463289175041e+00
4.822790053081480899e+00
2.767965389640193230e+00
1.946610455334451206e+00
3.931016413209602600e+00
1.372155995115345695e+00
8.913816665932642325e-01
3.465279913115749899e+00
3.837062353845163698e-01
4.381840001534767381e+00
5.392790629881099917e+00
2.008192016572275307e+00
3.209344522527499244e+00
5.279331393516145887e+00
