1.541614889658902109e-02
3.793186464172250361e+00
-1.370878141868714650e-01
7.076598715509990756e-01
5.866786722440281210e+00
5.598572881323197414e+00
5.414643182696023516e+00
6.406144569468534833e+00
1.494250515692502557e+00
1.160365103025682437e-01
4.924532098795181057e+00
5.310224722650826124e+00
-1.312041141201654160e-01
5.492953864985376633e+00
1.780143283385178687e+00
4.258113647826788473e+00
3.916284038859180416e+00
3.699477751762600519e+00
3.585365890112795828e+00
5.708139974955622087e+00
5.629237620910205742e+00
2.563569312506061681e+00
7.848333907908900953e-01
2.376812707382026435e+00
2.175649309916976915e+00
5.918515876876957016e+00
4.026330743131303791e+00
2.416932724174235325e+00
2.496746299095869759e+00
4.086770615589291999e+00
1.480576052546759502e+00
5.255511962295411621e-01
4.755177958960973505e+00
1.207912359576000849e+00
4.194896546409839111e+00
5.957177648790784374e+00
2.426393302405996710e+00
2.541797658616632205e+00
4.869018852337663184e+00
