2.206215287204367492e-02
3.668885342510120662e+00
-1.885326377170521567e-02
7.407411204772765823e-01
5.852646911122405093e+00
5.693993900324302082e+00
5.639989443114608925e+00
6.446681024544283822e+00
1.448134831657478472e+00
2.570022370122449495e-01
5.146786863212057916e+00
5.430769602449023736e+00
-1.804404532845470532e-01
5.586787115722177788e+00
1.728079037144182317e+00
4.360707394494826694e+00
3.904573552072790221e+00
3.733069794593636193e+00
3.681101903117812935e+00
5.468404220004811300e+00
5.565868214517572632e+00
2.704208502598956176e+00
1.046423129512147998e+00
2.443798929953658661e+00
2.036156624455925268e+00
6.023197585225271489e+00
4.099064134638760848e+00
2.490765236680577477e+00
2.526481057397865548e+00
4.306785921669582073e+00
1.419312154597337283e+00
5.809707541163958711e-01
4.673890695763107672e+00
1.316089690910497323e+00
4.256623183131083898e+00
6.092689442154873625e+00
2.576216071873118185e+00
2.254925189470414537e+00
4.853224669831790905e+00
