1.168100561566293855e-02
3.771362958603505344e+00
-9.404466973956790432e-02
7.892989664101637270e-01
5.862064474780559031e+00
5.629658086500092473e+00
5.572487741787192306e+00
6.431840079737045635e+00
1.412558836848214483e+00
2.862107764824114997e-01
5.018970491307066517e+00
5.466836040487266679e+00
-2.217152443466585410e-01
5.632129679439263015e+00
1.757783554007637639e+00
4.329576900081452351e+00
3.845621408939918773e+00
3.705368298997619991e+00
3.778510471857396524e+00
5.462844902476780007e+00
5.576655848682267269e+00
2.814448328214711026e+00
9.946897074062396316e-01
2.367287242994467356e+00
2.229026692084528527e+00
6.036596086238474435e+00
4.121797459071629532e+00
2.459147852763096331e+00
2.725114177366198653e+00
4.282694990040464944e+00
1.483812845517874512e+00
5.190407441754937290e-01
4.687598829881826745e+00
1.280923438296993400e+00
4.324130987051659325e+00
6.185203222225178266e+00
2.377364402758531003e+00
2.458636829771645882e+00
4.853981675271083596e+00
