6.437506433276481144e-02
3.767612616533044800e+00
-1.375918257122011601e-01
7.316448419486604182e-01
5.837299168125943183e+00
5.567472848207699165e+00
5.461027029774389696e+00
6.329247317220313640e+00
1.474205763611455611e+00
7.637478607757304527e-02
5.003524773300814132e+00
5.414755513116495500e+00
-1.412379590691499875e-01
5.384450657724094924e+00
1.745099338160579716e+00
4.250489427522524899e+00
3.933861449754649797e+00
3.692729530616572831e+00
3.570284192451655958e+00
5.584608454524466303e+00
5.597731881087761430e+00
2.426387101122396750e+00
7.332178032298248826e-01
2.378660139694018127e+00
2.093440890157207690e+00
5.873473454568039820e+00
4.128167446861250589e+00
2.416681104140104175e+00
2.322602700152836874e+00
4.130712379730463013e+00
1.476744612640987775e+00
5.827921115359658844e-01
4.708754643562875764e+00
1.221525771038469710e+00
4.078719662710329708e+00
5.898568442600728545e+00
2.472065986091046330e+00
2.552084665534975372e+00
4.853370530852374465e+00
