1.753486174616396276e-02
3.729532456384683226e+00
-9.727745467024040416e-02
7.556226386884729029e-01
5.860046355065230195e+00
5.617165664531377445e+00
5.513707116747711190e+00
6.431890366732607944e+00
1.500696479433437647e+00
1.420362125343125337e-01
5.044630832519095165e+00
5.331150793837997170e+00
-1.261026846946222690e-01
5.522104737511317474e+00
1.813731136824116463e+00
4.252534094809709231e+00
3.900367535436875865e+00
3.708781731239945145e+00
3.538632662714173094e+00
5.590581261862228146e+00
5.618223679991030117e+00
2.621201495519473568e+00
8.241424597780864225e-01
2.337349345743521045e+00
2.055860865787752179e+00
5.944718580859210455e+00
4.183280812302268004e+00
2.415851866888566235e+00
2.432491636624151354e+00
4.284522225781747906e+00
1.425240147477940367e+00
5.315381489358300682e-01
4.777418373728374412e+00
1.222840800976386255e+00
4.147667280426341030e+00
5.862357684734643470e+00
2.549629944130751724e+00
2.405854986593610523e+00
4.848278528304143187e+00
