3.947494763512709309e-02
3.802235612281056998e+00
-4.309519542833265687e-02
6.150583715906575710e-01
5.908607271586712173e+00
5.616093851711093876e+00
5.468197532006301209e+00
6.310949786984975773e+00
1.539744239642834467e+00
2.518974579812548464e-01
4.914990883175757830e+00
5.298582570557322846e+00
-5.139054167710564724e-02
5.456382172869019165e+00
1.787866394691121075e+00
4.283376747250904337e+00
3.897710452843282436e+00
3.822537635461812577e+00
3.466923034102922685e+00
5.412084664568037162e+00
5.710591061082838316e+00
2.354900706646660513e+00
8.196820663751603897e-01
2.475641509711690169e+00
2.004176235799743022e+00
5.937456079850983670e+00
3.898992084609919750e+00
2.399655909340415949e+00
2.603627263903863120e+00
4.202455108647480841e+00
1.493682556787692794e+00
4.022426920277314411e-01
4.823744964166348126e+00
1.192751651806942537e+00
4.021291101881725893e+00
5.878232557530720825e+00
2.545922709243551463e+00
2.626930749923022557e+00
4.772325544713430290e+00
