1.941552020501894488e-02
3.781058224829900727e+00
-1.582474956575039282e-01
7.953849268526616001e-01
5.849276274449551671e+00
5.615302642790986454e+00
5.410492527795977225e+00
6.424485619330558173e+00
1.445627787554175425e+00
2.563359785561437620e-01
4.982545986062627996e+00
5.564909101238556310e+00
-1.878870449829199707e-01
5.620837999045134481e+00
1.752605708082398905e+00
4.250389883913664235e+00
3.883770375087164162e+00
3.688421250420657493e+00
3.720421072875362611e+00
5.587941834691807053e+00
5.542631609495546563e+00
2.781092017420791596e+00
7.728235109309825601e-01
2.356572004717045310e+00
2.214423672598079040e+00
6.004259327508016497e+00
4.172594389690607919e+00
2.507340447262562222e+00
2.649444766096553661e+00
4.197513075339969646e+00
1.491626626985085080e+00
4.838198298642235051e-01
4.804025774887737299e+00
1.270474403877452252e+00
4.236654300522951999e+00
6.330513466492977415e+00
2.385410296737439317e+00
2.552597264882714434e+00
4.877951493944333805e+00
