-5.853137416242464725e-02
-3.130743381787285534e-02
4.061160229716200692e-02
-1.043529386960715712e-02
-9.818092111612268524e-03
6.180204055152485609e-02
4.446220263922778110e-02
-2.216226633597832146e-03
-2.476698861076351548e-03
1.842175983086763186e-03
-5.552765289663540637e-04
4.063093271735921351e-03
-8.513910522974467085e-04
-1.384378143281455968e-02
-8.045545011728834350e-02
-7.330668572774080155e-04
2.298836520773876995e-03
-6.632894402093050985e-03
-1.664337745731913829e-02
-2.444858118751986817e-03
-8.528639295228169354e-04
-2.397670537013711894e-03
4.986082727918590826e-04
-2.586724797172274687e-03
-2.313688206224109867e-02
2.932658871549516377e-02
3.579490549264086204e-04
-2.053187560556584811e-03
1.451873002198075628e-02
-9.537822777425701559e-03
-5.704977726251336811e-04
-1.459952025090610617e-03
7.573102631096840761e-04
1.173922135942785487e-02
2.172733189891521560e-02
-4.763804699446411335e-04
-3.154166840658090970e-02
-2.638400465326728658e-02
3.929422363700511671e-03
4.172351318246597077e-04
-1.021794848913321280e-03
1.320922362809118017e-03
-1.001547170162549617e-03
-2.421759032190515248e-02
1.480605841719513129e-02
3.094022095951860785e-02
-1.784243813342587665e-02
-9.873344199235222982e-03
1.997666006774285064e-03
6.952567146733647577e-03
7.773352485193046196e-04
1.485993438729703298e-03
-4.373713964724222050e-04
1.935492396626079014e-03
-1.755307027459616920e-02
2.672953329346852702e-02
1.573463602395817028e-03
5.238148480514170230e-02
-4.945302376871539562e-02
4.022742309392092833e-03
4.425147891851169673e-04
1.537897925862115149e-03
-2.869808240117522821e-03
2.276646645151699649e-03
-2.047386910578688837e-02
