-8.545072471326589647e-02
-3.370765870364490074e-03
-1.241326566576113691e-02
6.133998505357968895e-03
2.609329407889543831e-03
-1.750187273579738301e-02
-2.113034624197347635e-03
1.223995545906141416e-02
-3.309747670468377034e-02
7.403698103348319709e-03
-3.919729983653847533e-02
2.029057133475065458e-02
2.843203213896802403e-02
3.142680639926068858e-03
2.318217972011930514e-02
-3.410083503492735563e-02
-9.044674350792092365e-03
-2.677316294714590303e-03
6.166324076348430987e-03
-3.365111983833306980e-02
-1.459757276223368032e-02
-1.136356113350631223e-03
-4.060159607165589541e-04
-7.252477719967682923e-03
6.952484970810622958e-03
1.037131483876645860e-02
-6.700382820619906615e-03
-1.570174352666279562e-03
-8.189356605971040773e-03
-4.513777178777544918e-02
2.568118935863477302e-04
2.214914396573384927e-03
8.144013717327159771e-04
-3.983806951009643757e-03
-6.630214436012718711e-03
-1.500431657024812321e-02
5.118098711806856257e-03
-1.147808381580657511e-02
-1.238318222941812985e-03
3.481676294585264037e-02
-8.250335733088221338e-03
4.602645180361964773e-03
2.328586424224574417e-03
9.351202946593611953e-03
-7.617453472826038463e-03
-1.417078784068437174e-02
7.310821399279666954e-03
-7.231671702200123848e-04
-1.667317749182011324e-03
2.151633182971739514e-02
1.050149033390545238e-02
6.399106554016330967e-03
1.077394281116251769e-03
2.851412050526462572e-03
7.305688667168465725e-03
1.865023292496324194e-03
1.647165400394483628e-02
8.176718483398159529e-03
4.824628834982285647e-03
4.148526140966112691e-02
-8.226754554996410992e-03
7.819185428095767366e-04
-1.865305512357305065e-03
-1.090711178988156178e-02
5.480381511217665737e-03
