-1.222886370434387998e-01
-5.389211076891817914e-02
8.349516988700526887e-02
-3.000596653730218388e-02
-1.657117400419974920e-02
1.240734681914069659e-01
9.274586854493654942e-02
-1.906181829926626575e-02
6.321303002078618866e-03
1.324607813046766239e-02
1.088249996018782889e-02
7.128195095696174440e-03
-1.152590313894559862e-02
-1.550296522877604027e-02
-1.690676508453296256e-01
-6.427953500520356203e-03
5.599899829002380827e-03
-6.744513428614699012e-03
-2.491871577722985787e-02
1.805353549051853107e-02
7.197219751067213773e-04
-1.277822834579951661e-03
2.343631037234963476e-03
-3.982511183624186379e-03
-4.376483340821494400e-02
6.473192669998555082e-02
1.422049698666868513e-02
-3.267571432712416610e-05
3.538442093079676581e-02
1.054485527911663834e-02
6.294585321609651347e-03
-5.933857154208477648e-04
-1.649987775838885869e-03
3.110101261328540589e-02
4.765541314852139720e-02
-1.503401008463420632e-03
-9.564348978945738655e-02
-5.000822020601666806e-02
-4.971304029462927931e-04
-2.125470434505667954e-03
-5.293357735052595450e-04
1.619865390542847691e-03
-1.416122741378185099e-03
-5.012664293076084937e-02
3.599164367852469848e-02
6.842319567271074043e-02
-3.898124611608099616e-02
-1.764829092351323861e-02
1.364719661738194104e-03
-8.891522106037417356e-03
1.136209374889767020e-03
6.659468978121258452e-03
9.495379120670222484e-04
3.112831080907652037e-03
-3.428204225483081485e-02
5.674797304603117903e-02
-5.353994954810913434e-03
1.266365469767096463e-01
-1.293718651121328056e-01
-1.539767206397072655e-03
5.192850615565012965e-04
1.067534441690817901e-04
6.506204169382477902e-04
-9.458556359562329471e-03
-3.191059939771702381e-02
