1.856896051646766965e-03
2.250892663171720660e-03
-6.861616038600228768e-04
-1.570653824921458596e-03
-9.254080244027692616e-04
-2.746494305050783610e-03
-2.868357780892550040e-03
-1.906790429537164793e-04
1.980566219765686562e-03
6.073175702077702283e-04
2.790314370960936120e-05
-1.702178619458475988e-03
2.655820378320477356e-05
-2.485082805414326273e-04
6.329040283896966018e-03
4.446397258085875307e-04
-1.879874833726345468e-03
5.996981894745625217e-04
3.299680411380267239e-04
-1.381633861318332795e-05
3.405269893778049015e-04
-7.193231925734782251e-04
-3.416908960423673826e-04
7.819474881466976102e-04
-1.163281787489766706e-03
2.690215214482828340e-03
-5.880305823850736713e-04
-1.492552064182263959e-03
3.260732772206534087e-04
6.810020793373231386e-05
7.575046630674026234e-04
-8.490462943922812795e-04
8.078322613446593873e-06
1.022525820005210475e-03
5.733610644932524147e-04
6.911758130559680739e-04
-9.374039633044562326e-04
-2.811746613585212971e-03
6.109327407091622302e-05
-2.159845188258526904e-03
-5.384232532606812439e-05
-1.117380340204813388e-03
6.370297460572881074e-04
2.499807386081451472e-04
1.399262284749678772e-03
1.024148953685656603e-03
1.514535524057922938e-03
4.649379368981604635e-04
9.281475028675795430e-04
-1.184545478413906536e-03
5.266904412733692045e-04
3.674395442574752459e-04
-7.894786096302293605e-04
1.210136218211812039e-04
-7.076655041773453620e-05
1.752057266836508408e-03
2.643725336523010286e-04
1.099156245112348175e-03
-4.810791961332550157e-04
-7.724146709819628299e-04
1.418683527938329023e-04
-6.953199773564295270e-04
6.667305336398920762e-04
-7.773830920826453085e-04
-3.918179299026360463e-04
