2.282767131208247868e-02
6.176232431632659552e-03
-2.846902391101284718e-03
-1.746549346175023778e-03
-3.243646754331171514e-03
-9.195404886176644990e-03
-7.381613826655069460e-03
4.239773680315581605e-04
-1.908711160071783521e-03
-9.419923192253318268e-04
-1.792517798507838175e-03
-1.416598965809456314e-03
1.742532732377387447e-03
-5.169565931175614144e-04
1.712979921551167559e-02
8.356166382640638516e-04
-1.921511725759575146e-03
-3.853414168230586898e-04
-2.220879933946770871e-03
2.194359247257614612e-04
-2.531845031865098683e-04
6.343264165082664052e-05
2.135003464457475636e-04
1.929339336823760040e-03
-1.779732983737097223e-03
8.970891679990249806e-03
-3.600899838677576459e-03
-5.556262725719963687e-04
1.193843926120945328e-03
1.555638461069620013e-03
-1.141336145949522010e-04
2.456053606226331863e-04
-7.864267634906697293e-05
1.657273156591162035e-03
2.234876310045669483e-03
-5.616496970842216200e-04
-4.951475067251123394e-03
-5.111770220987661185e-03
4.091478378844828727e-03
-2.717929979116339226e-03
8.608347848470504601e-05
-6.902459216536552527e-05
-4.573971979340002024e-04
8.350309544464650652e-03
2.399308937607679167e-03
1.237878260348791726e-02
-2.699800129461713515e-03
1.391856220608392140e-03
3.782659342379937617e-03
-9.787262423462373372e-04
-1.810827998499573701e-04
1.230147006688226224e-05
-7.218481390178025368e-05
2.115030001909317704e-03
-2.592580716422681741e-03
7.366294894801091522e-03
1.653636766502888282e-03
1.194498492968915776e-02
-1.064265279065462581e-02
-1.516710805477401898e-03
-3.400312597063022239e-04
-3.245058731803457885e-04
-4.858248927343171235e-04
-4.714253818869900553e-03
-2.929678696396811541e-03
