6.378963148555534535e-02
7.852608789297907052e-03
1.468107147830521007e-03
-9.389323242845318274e-03
-1.111162443369775096e-03
3.924034891324707473e-03
-6.354783638675887483e-03
-8.504773330617623750e-03
3.905863366526557672e-03
-2.091349400400969050e-03
1.296625398830173609e-02
-5.669678244416780262e-03
-1.700038147009302544e-02
-2.137437589370120477e-04
1.063336287981012530e-03
1.344904698938881142e-02
9.595652107758319282e-03
-6.634113950168799186e-03
3.225411940935757338e-03
1.872326975350663281e-02
5.425617064831191397e-03
-2.972953300596818888e-04
1.721990711160779203e-05
9.931462464790414765e-03
-1.369784771499457481e-02
2.839119754845885815e-02
-5.731520035379813159e-03
-9.309240702857889821e-03
9.401646920648133732e-03
5.788839298006645886e-03
3.115027732570726984e-03
1.437055364851548729e-03
-6.413467891922800977e-04
-4.342711022974547579e-03
1.520322531773027341e-02
2.371441419730442937e-02
-5.728149394380325360e-03
-2.365954797922603658e-02
1.458700849824489266e-03
-1.038060620563736360e-02
3.355585982672873533e-03
4.941251168780295966e-04
1.350222725317368655e-04
3.149087737493422301e-03
1.147978195229444609e-02
1.998606533106293132e-02
1.197731691856060779e-02
6.326877552334123599e-03
1.361916268276465621e-03
-1.197652064738382975e-02
-2.277184455049521741e-03
1.566552866811156191e-03
-1.306452301561588899e-03
-1.358902338833807523e-03
-1.404922069254424880e-02
9.012543213044323098e-03
-3.537692780122622151e-03
1.922875862162892182e-03
1.346000526665208120e-02
-2.081757742037781966e-02
2.340105001203523702e-03
1.198367830468126871e-03
3.540548543502422020e-03
-1.018724281371295379e-02
-2.143343576845850584e-02
