4.791804760572387217e-02
1.930685409695259702e-02
-1.277560721395472158e-02
-1.114045021155311583e-03
-5.091849015412985846e-03
-3.304053979196389101e-02
-2.529375465213333854e-02
-1.257951310499414616e-05
-3.475821133755663261e-03
-1.915352639242580250e-03
-5.508555910150914753e-03
-5.826036583408244172e-03
4.149430144025186701e-03
2.186452258836788128e-03
5.717044193512135775e-02
3.745042708445205353e-03
-7.257447853376722789e-03
-6.340455278505014239e-03
-6.650937981005570175e-03
2.591319979070612475e-04
6.613571215996141709e-04
1.772706894432639043e-03
5.605275710085327835e-04
1.103036460195957157e-02
-3.956709740628877765e-03
3.325609090638914633e-02
-1.058246123677774458e-02
-6.380124670419042368e-03
6.192662761970334738e-03
7.122617121696133563e-03
3.137078979710287356e-04
2.749134589633151632e-03
-1.153026743080625164e-03
5.044535510070871556e-04
1.981840185831546235e-03
1.081496492692171933e-03
-1.008725776246006435e-02
-1.857399398819238254e-02
1.001918794891820501e-02
-7.567815664662690643e-03
2.028621029657617491e-03
7.287126895279849061e-04
2.017060134867184034e-03
2.093125414379847990e-02
8.004485784639775448e-03
2.931729097747090215e-02
2.418969009839812539e-03
-1.400599627126789719e-03
8.973497173449751507e-03
-5.905414653795990759e-03
-1.734192138275466233e-03
-7.642229118723486286e-04
2.013987366957468387e-03
4.056922168399691893e-03
-6.093761781034992379e-03
1.742747931953276402e-02
8.054013101889676007e-03
3.385582635800702539e-02
-3.089574630330348126e-02
-7.015968948217102957e-03
1.923827610214901744e-03
-1.064994660047234197e-03
2.446803271108837635e-03
-4.355421758057655655e-03
-1.154828503767501603e-02
