-1.133042238731557100e-01
6.931258086842884483e-03
-1.496500070178519853e-02
2.946569836188624864e-03
-3.156796667415253613e-03
-2.448524490262982134e-02
-1.111156101705792001e-02
-1.556085434049480666e-02
-9.129121414244777827e-03
1.612325674891285435e-02
-1.390550312558945512e-02
1.337224378052952536e-02
9.350633865752610782e-03
2.408226001570414228e-03
3.655969974942457207e-02
-2.313430640770114052e-02
-1.282374653680034421e-02
-1.844546299889809893e-03
8.378651005999803933e-03
-4.680756522921262347e-02
-1.554144177382807239e-02
3.237777621345100647e-03
1.495513309161179910e-03
-1.079891592246219265e-02
9.910926535054835965e-03
1.539750251256444963e-02
-1.256417531397341705e-02
-1.503185230565375063e-02
-8.742586845719548319e-03
-1.815071324659536106e-02
3.030895535832638273e-03
1.274906969188486540e-03
-2.128463893580052110e-03
-8.181531802853135452e-04
-9.946710595975545924e-03
-2.336796756811577655e-02
1.157977749874969722e-02
-1.768182847057484311e-02
2.059614181574347547e-03
2.411931878406823465e-02
-1.501377788001947468e-02
5.569928689380671503e-03
4.690444333690459155e-03
1.468275270713511466e-02
-4.711890940362993031e-03
-1.433920034575883809e-02
5.993232365646275657e-03
9.508770212772653385e-03
3.218713090124045162e-03
1.354047831442342469e-02
1.255457827559023493e-02
9.766549168228909339e-03
-2.096030475591522790e-03
5.760103254246994042e-03
7.615085557208966204e-03
1.257764801804572147e-03
1.907807104805550949e-02
2.165036443912550512e-02
1.619638287212373309e-03
3.770260531401329468e-02
-1.302307948017638987e-02
-2.655933013413077585e-03
2.786623660649298079e-03
-1.579189627949519406e-02
-5.193746737740582986e-03
