8.471269342269140135e-02
2.751884045702567505e+00
3.527968069179756139e+00
2.765057213991731544e+00
2.485233902099631464e+00
6.505401126295562442e-01
9.417592383980923909e-01
1.104019317706612213e+00
2.757449143846872008e+00
5.755893545636313391e+00
5.913642438282603386e+00
2.475306408613275444e+00
1.977055272575824141e+00
4.116338029695717715e+00
3.771930849382455708e+00
2.661564636787671745e+00
1.447592446824433221e+00
7.522621351720664151e+00
1.646292416425457095e+00
-2.734973849008277488e-02
4.106956911807746913e+00
3.238341862754366307e+00
1.896921191642380267e+00
1.519312432794442502e+00
2.713998191225536760e-01
5.359086841536063517e+00
1.209021591723684841e+00
4.805471808864709260e+00
5.449697170908791577e+00
3.617059979930977942e+00
2.290407986175938770e+00
2.644399410986234766e+00
6.282502310639364929e+00
3.256713815764855635e+00
2.882445878091786540e+00
2.105239690105417782e+00
2.118609615982479433e+00
3.950883831547579828e+00
6.344960660182838552e+00
2.782373480416877598e+00
4.887784310585173153e-01
2.312024802820689118e+00
4.740509334391069807e+00
9.730925462447673202e-02
1.695290247701441766e+00
1.504578893156515607e+00
3.314371275537962180e+00
1.884671170751880398e-01
1.899853088060150963e+00
3.148379675146577572e+00
4.506242798422422702e+00
3.009652961025357509e+00
5.005580225967459995e+00
3.253793173891880830e+00
3.957853954877997182e+00
5.812102312592856812e+00
4.779355110087156078e+00
4.953457924746917485e+00
9.840820802913242682e-01
2.995461490473790178e+00
8.714914520664546194e-01
5.800209754223068614e+00
4.848480239502229949e+00
1.662290250899755906e+00
4.050909926297293850e+00
