8.453995218165656633e-02
2.753598989616221626e+00
3.523742596731217702e+00
2.786376910100382354e+00
2.496164203978211038e+00
6.626393332991319385e-01
9.170002938158503536e-01
1.092813793913599563e+00
2.801363960199635628e+00
5.764687022786609383e+00
5.878340256269581232e+00
2.437144900234510025e+00
1.976814248883626002e+00
4.132233891154403871e+00
3.757082860865005980e+00
2.676990049814939709e+00
1.400946060141180949e+00
7.549005744199997814e+00
1.617059665245286659e+00
-2.319222715720721875e-02
4.002504965861918507e+00
3.240964491458536934e+00
1.896511819689477907e+00
1.495881004110074741e+00
2.542093140201600043e-01
5.345990580655267443e+00
1.234953789518504985e+00
4.792930612316063765e+00
5.471109691867710900e+00
3.596811989509840046e+00
2.266292153761322758e+00
2.677168882309105324e+00
6.102239067863853172e+00
3.270571140039791214e+00
2.894203935228599978e+00
2.146657502232568238e+00
2.106820207471666873e+00
3.954701978022910680e+00
6.335577988567383301e+00
2.841991926871170193e+00
3.864303597805653356e-01
2.252795185251989629e+00
4.732812388168181172e+00
1.155896491013319732e-01
1.712835685016524057e+00
1.506431751474195613e+00
3.346245071746837496e+00
1.894999988629242904e-01
1.943115480686065544e+00
3.146960090254674824e+00
4.450598771607051418e+00
2.969551662304152462e+00
5.272159054298452219e+00
3.213579303208208060e+00
3.953057470321273303e+00
5.791355122106566888e+00
4.810491438605968284e+00
4.934197578388904049e+00
9.641146133731177681e-01
2.951420971650433156e+00
9.184763339672437077e-01
5.688460555659065498e+00
4.796093162045632852e+00
1.653131361017259104e+00
4.049773337301157738e+00
