8.151150462427120269e-02
2.760403378256621298e+00
3.520972102855804753e+00
2.783022116213989872e+00
2.505002798264049257e+00
6.591552784123732023e-01
8.935501133836478704e-01
1.087400908236924924e+00
2.819126898686073357e+00
5.769075319926757928e+00
5.887593688002620951e+00
2.418644973052618941e+00
2.047831829229619593e+00
4.124821911512413841e+00
3.742605040450316167e+00
2.688064468990951639e+00
1.377581831243679611e+00
7.498694051284305218e+00
1.657338359694314533e+00
-1.719926304398196673e-02
4.030317251153588742e+00
3.268313068902554797e+00
1.878590261104117198e+00
1.490191678606030967e+00
2.643783860055519130e-01
5.337901902572987467e+00
1.226099609606643437e+00
4.808585858507885114e+00
5.369328306251964555e+00
3.594663309860742562e+00
2.324550010300765468e+00
2.750969324782793102e+00
6.185640275994234827e+00
3.274514041258320241e+00
2.900717153534501325e+00
2.190166021449909017e+00
2.099791947953274729e+00
3.938886438377712462e+00
6.378049993771527149e+00
2.769328930915859299e+00
4.679477200867448450e-01
2.271730829240769189e+00
4.673419438686977401e+00
1.071919695447775267e-01
1.727561017387628794e+00
1.532373800596484203e+00
3.375321996260487900e+00
1.974244951735046327e-01
1.865602156791438482e+00
3.152487423769235964e+00
4.451116633655816557e+00
2.962659936332747712e+00
4.878185556613227725e+00
3.279497338312161059e+00
3.912625392681177594e+00
5.769433212170714143e+00
4.767531329751857783e+00
4.920531307433109625e+00
9.420815834248512655e-01
3.048886561353938873e+00
9.313439116907332727e-01
5.824073498449158670e+00
4.962847501176344878e+00
1.647975976765262862e+00
4.035205981332848246e+00
