8.437426497579043894e-02
2.752728359163433502e+00
3.540216826068094402e+00
2.771348696290136804e+00
2.503450372905717813e+00
6.569258345834659840e-01
9.236505214645112094e-01
1.102267795592781985e+00
2.787856671163787770e+00
5.775507588608816967e+00
5.882198406741647290e+00
2.457278224053650817e+00
1.996170244415732098e+00
4.108465758830376124e+00
3.767578666236229168e+00
2.688660167198020812e+00
1.425529448518284115e+00
7.499776047355103614e+00
1.655369470697234835e+00
-2.852320603047217920e-02
4.015469273132716843e+00
3.278199074631268584e+00
1.889998907419667029e+00
1.515264977602583274e+00
2.782884028821292488e-01
5.346369227042421457e+00
1.208326488010681210e+00
4.811295609526869299e+00
5.402858221516606108e+00
3.609218565297021453e+00
2.289956044078503616e+00
2.732197966693623137e+00
6.271634611688181593e+00
3.262068663842444760e+00
2.877589887256712053e+00
2.136539565282018494e+00
2.111258873886962206e+00
3.938610603718595726e+00
6.343437991223013661e+00
2.776143096346739281e+00
4.909833424729515006e-01
2.246335744200339768e+00
4.597378986388768851e+00
9.323575770723606382e-02
1.702728914232395807e+00
1.511609231389031915e+00
3.354436415576050212e+00
1.924057326180600158e-01
1.882818117998137142e+00
3.145464058538667285e+00
4.549765866076042720e+00
2.939788878691558249e+00
5.085010681031362445e+00
3.280350777767243819e+00
3.928069656909398244e+00
5.782325117691501148e+00
4.741525140351143364e+00
4.946747025524534713e+00
9.638464154185824029e-01
3.016165793307872711e+00
9.627344324299488276e-01
5.720069486318386964e+00
4.722249111543018074e+00
1.644085442782439621e+00
4.040563860243732819e+00
