8.298084833622712542e-02
2.752619154587109929e+00
3.531473441664453539e+00
2.775867942515515274e+00
2.511479655894404139e+00
6.729246182409529542e-01
9.107856426961618013e-01
1.088500491853075403e+00
2.818248615121631051e+00
5.769900645781891768e+00
5.874783875301181624e+00
2.431665262952334317e+00
2.024729013284576329e+00
4.120914969824229779e+00
3.762599448104344990e+00
2.696316814365314674e+00
1.393829740594900501e+00
7.542155800825261380e+00
1.631524583783234617e+00
-2.802804710535565513e-02
4.085565500246052473e+00
3.268009189541969395e+00
1.947207837928987217e+00
1.493240996112689789e+00
2.539032117479529393e-01
5.334401621841529106e+00
1.234953482717726647e+00
4.794633338388769594e+00
5.420861802536747653e+00
3.591799301848656700e+00
2.383130762526862956e+00
2.720636125964902785e+00
6.446903108476563560e+00
3.267376666612052727e+00
2.887637109048324824e+00
2.164897810581329907e+00
2.101110756091954634e+00
3.946465979198111373e+00
6.382596531959432440e+00
2.789987528702221553e+00
4.314786163541847186e-01
2.262336272739231990e+00
4.655819433454876588e+00
1.201795528640182409e-01
1.705282841812249206e+00
1.517852207496622530e+00
3.381609004086767900e+00
1.980491992849366389e-01
1.890021747096722882e+00
3.154551691018385284e+00
4.511777554050235395e+00
2.961351425129234993e+00
4.900530746937365123e+00
3.265509709355260526e+00
3.920196754590684396e+00
5.770523638021472834e+00
4.788387127901942542e+00
4.929465218330673082e+00
9.497530301643052342e-01
3.020148610678524026e+00
9.462047712462398064e-01
5.810169561936297633e+00
4.757961873132033226e+00
1.655983308923478559e+00
4.040833101293216600e+00
