8.643602736971829625e-02
2.751900424904079934e+00
3.520102471237782193e+00
2.781023351698217017e+00
2.497713324006169522e+00
6.567521264723537033e-01
9.201353926496368407e-01
1.100056472666849805e+00
2.794073878349117912e+00
5.758314057581872092e+00
5.884702541466460879e+00
2.456021517090439144e+00
1.974770456692110931e+00
4.138650157575317401e+00
3.760866369469387127e+00
2.691038649483355361e+00
1.411669879577926334e+00
7.596084397206856131e+00
1.567994188143511769e+00
-1.899101207325108384e-02
4.041935627752922144e+00
3.227832291365281936e+00
1.836816235305587464e+00
1.513809306776976227e+00
2.729488242063941028e-01
5.342685979077532288e+00
1.247879931728984815e+00
4.790199959113375705e+00
5.452566729075940088e+00
3.592383812503819218e+00
2.472358733123992902e+00
2.703307243847318464e+00
6.235193630933054898e+00
3.248781996281918438e+00
2.870209297935329307e+00
2.103836623199453637e+00
2.114875574705986860e+00
3.931742693604999062e+00
6.313783020616438257e+00
2.822461224071096009e+00
2.965664116444973186e-01
2.230472425973238249e+00
4.646298146559891151e+00
1.012876713762777131e-01
1.710439120966257942e+00
1.523826328183304879e+00
3.354934687544403271e+00
2.007534597679127286e-01
1.964009051393437622e+00
3.153618462233391373e+00
4.424579837913067415e+00
2.997129316539223876e+00
5.067738374458311768e+00
3.253688018671226700e+00
3.950916559752238655e+00
5.787571561434045719e+00
4.773047536083590892e+00
4.967930282057936964e+00
1.004086448202678339e+00
2.970416666071439948e+00
1.024435567575003425e+00
5.711190160217744172e+00
4.722455390725134983e+00
1.636470769225663258e+00
4.028510733709524061e+00
