8.662172792116423770e-02
2.729118464023911006e+00
3.536100822408795530e+00
2.745378079423544282e+00
2.480713953567371899e+00
6.333469952686385795e-01
9.269000033733415522e-01
1.109411032169114408e+00
2.779544848853596317e+00
5.766153955880299442e+00
5.887537546020939594e+00
2.465094913999017479e+00
1.969765115851691339e+00
4.131596194600270167e+00
3.761598344857489895e+00
2.669626723631965959e+00
1.423709318603446849e+00
7.540352247308124589e+00
1.630560187298020214e+00
-2.620180915030436222e-02
4.167598430825593780e+00
3.236465946633896529e+00
1.870731461949895813e+00
1.515765565218730071e+00
2.801501244672033319e-01
5.356145020438174420e+00
1.215193746633962624e+00
4.799823176345653586e+00
5.461214643778469657e+00
3.613078459051558333e+00
2.292389059227542436e+00
2.678353277868160909e+00
6.224721974523885315e+00
3.254273916456227767e+00
2.876222112134968700e+00
2.110536148209519514e+00
2.114127921706387525e+00
3.949304397011806245e+00
6.347074555114618377e+00
2.792255288582596862e+00
3.773816398248778237e-01
2.305361453743047573e+00
4.709423605368459498e+00
1.001497730130047475e-01
1.704953177325210456e+00
1.506003864379195534e+00
3.315687626008381628e+00
1.878040895498288565e-01
1.917394438751741426e+00
3.147333712014611873e+00
4.498953173127145710e+00
2.994896674203707754e+00
5.046256017964627638e+00
3.224805261926587452e+00
3.944920820532706429e+00
5.799237023903228483e+00
4.795818957215958633e+00
4.953078916113225816e+00
9.874626531743665447e-01
2.981125285898797994e+00
8.763060373944239201e-01
5.823602314510716305e+00
4.828546652532338612e+00
1.654063426997389508e+00
4.050251618356565331e+00
