8.509814765495483935e-02
2.737066314460723238e+00
3.526664790767588098e+00
2.749586073067899594e+00
2.474136131560828566e+00
6.495019061908923197e-01
9.467754037333159234e-01
1.126512739997960200e+00
2.749504299450176159e+00
5.789009722371847744e+00
5.888524839486319884e+00
2.471730396926537399e+00
1.944065690114097578e+00
4.120826625344427008e+00
3.782531821015945539e+00
2.672512945125781414e+00
1.498973615013735605e+00
7.547820835456124478e+00
1.634871723837448609e+00
-2.260415342880741155e-02
4.106012774028776846e+00
3.227177994412399276e+00
1.645858842728171734e+00
1.529382975884673757e+00
2.902473608031209129e-01
5.360242332438007296e+00
1.179714306485614372e+00
4.805960955955531411e+00
5.402700976094255481e+00
3.633110681590579816e+00
2.173715606339576834e+00
2.636499996384272571e+00
6.207072219722459927e+00
3.238875495938881688e+00
2.856445597495549382e+00
2.039746244055717472e+00
2.117952496275385066e+00
3.924985177897485134e+00
6.335613871960810606e+00
2.791739940130706366e+00
4.463529298536172973e-01
2.384902622990704213e+00
4.854728514533452000e+00
1.018557304559138954e-01
1.689059362568170242e+00
1.523813924190696500e+00
3.275885092890905348e+00
1.678974487479605870e-01
1.849685556924646868e+00
3.148541844397541034e+00
4.467647190906338217e+00
3.023881355370479973e+00
5.047934358519960973e+00
3.260605321854006977e+00
3.980521345955350121e+00
5.828320661152784687e+00
4.740189551497461018e+00
4.977429994934236213e+00
1.018710231194542848e+00
2.962772359348842866e+00
8.796048715792826878e-01
5.894847885218319483e+00
4.715836801288433300e+00
1.657016745980731676e+00
4.042724807573936374e+00
