4.894537189437109248e-01
-3.578062165998652233e-02
5.658304755296050814e-02
5.882455925143581510e-02
1.518346240403367631e-01
-7.998294943023509518e-03
-1.662727192042190438e-02
1.655442549708396882e-01
6.830306334415503500e-02
-7.521577971569826104e-02
1.670346466697836263e-01
7.553923916936433614e-02
-3.290672678790684813e-02
-2.195513562619488823e-02
-7.951694788732588393e-02
-1.040114695760596675e-01
1.126782341043242042e-01
-1.340539401706308809e-02
-2.405161805829614252e-02
1.713787764479057785e-02
-9.960822000554259148e-02
1.577750995129800771e-01
-9.814033891109019692e-03
8.624219102748575949e-02
-9.469817013885162282e-02
-1.712037826784307271e-01
1.873218802295184560e-03
-1.433423857388760325e-01
4.182902163529789163e-02
5.027677330016189217e-02
8.985518856752250372e-03
-2.028305579049316520e-03
-1.221361962955302971e-01
-1.511387508201789132e-01
2.032700328891134944e-01
-1.067696445145038808e-02
4.142247281291311367e-02
2.179025428150627164e-01
-1.560606047168455746e-01
