4.343834963949078087e-01
8.724614086741411256e-03
-5.592899629536240980e-02
8.339249915612079178e-02
8.508139352769727992e-02
-4.480853132982076659e-02
5.723526791401312153e-03
-1.981590738026062226e-01
-9.369601317033016130e-02
1.062374690996570337e-01
3.889872715601150333e-02
8.762887485080916861e-02
2.854634396920463502e-02
-2.134577820056549058e-02
2.670057994147434499e-03
1.275052120830455493e-01
7.353006863108912938e-02
-4.080415200169440482e-02
-3.906486155391686310e-02
3.997678327261056097e-02
2.732976178698720560e-02
-2.993912007198673564e-02
-2.775180710234970149e-03
-3.403049540773306347e-01
-1.150871350996673925e-01
-1.160887342505079189e-01
-5.270644337640462140e-02
-1.635964516633059418e-01
-3.681976896985350578e-02
-9.025669586715245885e-02
1.217459667801623624e-02
-5.734604097140660883e-02
-6.316842438014447225e-02
3.799514106117563017e-02
-1.258516929558695097e-02
3.030748318977316558e-02
-1.028692990512336536e-01
9.051654585590096502e-02
2.184128572446653038e-04
