1.566593517236813948e-01
-4.566119417466485420e-02
-1.116565220837806294e-01
-7.692993476623999349e-02
3.162095264450104359e-03
-5.584504594868811012e-02
1.215435890995764101e-01
-7.526201019174283413e-02
-3.025577342483098953e-02
1.725142827202486018e-02
3.693713913725804598e-02
-3.647938713255416410e-03
-4.642617628010381470e-02
4.259860980453111790e-02
-9.356701140446344045e-02
3.945127932669656445e-02
1.380865165268030381e-02
6.510015327157447906e-02
-3.377418965160028375e-02
-3.181200147056584271e-03
2.676203973706048345e-02
2.998384610042315046e-02
2.550392050326699689e-03
-3.408229792140060610e-03
7.366896995208982446e-02
-6.194511406425184941e-02
-1.486869076645913612e-02
-1.470059822136771110e-02
-3.080027873372803704e-03
-3.651029837833941194e-02
-1.244525749816149940e-04
-3.020590956179236564e-02
-9.634093002530708105e-04
8.331905877907719304e-02
-8.731567534975281930e-03
5.670458720630211502e-04
6.380854770775268303e-02
2.969795702759125966e-03
1.669349087782268093e-02
