4.811952782068917855e-01
-3.402999937396344876e-02
7.228620847732347698e-02
-8.551380846488765286e-02
5.098571995154621561e-02
-4.505909909080507703e-02
6.595763969718948516e-02
-6.743856230395639528e-02
-1.194973368867646712e-01
1.013776000646782194e-01
3.356332177462117983e-02
-5.028683372487741110e-03
7.459195622283587568e-03
5.548984348402452582e-02
-3.666692685588834877e-02
3.063308016970633929e-02
1.202867605520907546e-01
5.375542801167032536e-01
4.969101984053647669e-02
3.047688212909349659e-03
-1.731202903254569492e-02
-4.056197488999657708e-02
-9.659253535909684274e-03
-3.848118171334569126e-02
1.014133228782743146e-01
-1.414918542053111850e-01
-3.401042295014811145e-02
1.203788256576299176e-02
1.532195426090510182e-02
1.849593443681296634e-02
2.424552794644263543e-02
9.236180334437626982e-02
4.359516282692599276e-02
-4.195091003744710889e-01
3.972185046163811961e-02
-2.650522995528703518e-03
-1.143009874249312219e-02
1.123838160033141520e-01
5.370620545508408838e-02
