4.304311247704806220e-01
-2.109146884921031528e-04
1.725240020289398046e-02
-2.230895093657814243e-02
-8.981909806193844048e-02
2.902616473565711175e-02
3.473872058068483426e-02
8.510036821063327039e-02
2.007495824435379106e-01
5.610707821956939512e-02
9.282221193063211473e-02
2.027173075236365918e-02
8.628775839680802306e-02
-1.322334613335085507e-01
-6.105603161943307100e-02
-1.351436701435559939e-01
-2.001417502561775308e-01
1.247663536374510329e-01
1.012666633881664779e-01
-4.665478524346067246e-02
-1.218660984625419275e-02
-5.432714139663730180e-02
1.349260073807423410e-01
2.174189105835777625e-01
6.588858104950023886e-02
-2.430354389959532568e-02
-1.029824363285580802e-01
9.762934974344439354e-02
-2.179473740371307144e-02
5.268236319411201407e-02
1.210416870206509898e-01
2.794927538712910220e-01
1.986074980170338122e-01
1.417826393096399684e-01
3.620708760587731945e-02
2.312794060432832310e-02
7.138856637778356884e-02
9.409117006364819957e-02
9.026185111837836672e-02
