-1.246389007804262102e-02
5.913233769826164998e-04
6.661751215226129064e-05
8.454891099035893171e-04
-1.125184872791812341e-02
-6.111171558219070238e-04
3.951990129461360746e-05
-3.774224934454751060e-03
1.164698877314097707e-02
-4.542847818978174371e-03
-7.601679621058524128e-05
4.763370979393114629e-03
9.597876963682305806e-05
-1.156499702725582654e-02
1.402258899681164614e-03
-1.129602375180005502e-03
1.159833980268233644e-02
1.574745442281099556e-03
-2.759595993829123267e-03
4.673242966375928259e-03
2.074203223051797676e-03
1.323532334890267087e-03
-5.659985499761096411e-04
1.856175348651347215e-03
5.329826862108611243e-03
2.136407485924148031e-03
-3.240474547494456153e-03
-2.527979208345049189e-03
-2.633729205184882557e-03
1.750005474462478644e-03
-6.222631332192425646e-04
9.495878679189294347e-05
4.945842974534916947e-03
-8.397679104833397079e-03
3.234908168973146120e-03
-2.797784960927333572e-03
2.833124885951235350e-03
2.040043665409423806e-03
-4.227310237156587519e-03
