4.673621556428031454e-01
1.157328727297013415e-01
-6.708438755886891869e-02
-2.390799550694433506e-01
-9.779576239099530000e-02
5.818842539750956888e-02
8.748911525802149924e-03
-1.859532042236544669e-03
1.765013969701190177e-01
6.869215328497713102e-02
1.676496219626955053e-02
6.496350180018595211e-02
-6.225201444609584911e-02
9.831673947191532648e-03
1.560752825591205095e-02
-9.907912774942406742e-02
1.000279309382179349e-01
1.711750272775924842e-01
-1.705851390698676084e-02
-7.120069596411315871e-02
-7.989401029639964236e-02
4.463733785375900709e-02
-7.522723763364602689e-03
-4.770906648909889469e-02
2.195148583739037207e-02
-2.194104717356815115e-02
-9.561270178370939732e-03
-1.268864846526440715e-02
2.735495441275048734e-02
1.351969446117262663e-02
-2.267722676307926122e-02
-3.833664705132910910e-02
3.738565304556296098e-02
7.297189068278253643e-02
4.295213261451547027e-02
-1.281481430692732459e-01
-3.366591595777013168e-02
4.503199202421370728e-04
-1.768924571404761892e-01
