4.304907216812203785e-01
7.149715756937791156e-02
-1.397616566922721404e-01
-2.546535378400438532e-02
-3.858481728569174152e-03
7.198338737579579316e-02
3.391197215402153020e-01
1.036413690980175772e-02
-1.121672886517099954e-02
-7.089527895298708415e-02
2.960578948663084020e-02
-1.200648704763329633e-01
1.621251036199033990e-02
5.477264621023270053e-02
-7.822302083848597931e-02
2.016231015478098243e-01
1.932342842680956352e-01
3.202300292992621422e-02
-2.670365290002862935e-02
2.863492214177920658e-02
-2.212220018282806677e-02
-4.684049322023486894e-02
-1.029723292744755270e-02
-1.007281952292160554e-02
-1.544916284484942892e-01
9.757872079796392484e-02
-8.062017074761396174e-02
1.151701994189791023e-01
8.183675681561197734e-03
-1.007434042438193345e-01
-3.670056897275841834e-03
-9.949101084649747406e-02
-5.682268544582314007e-04
4.877971165884176230e-02
-2.405981622266573083e-02
-3.389587617530498420e-02
-8.329904543913357884e-03
1.674507560389670857e-02
-5.318640992901801923e-02
