4.580774914941798670e-01
-3.726617028854128932e-02
-2.088517622733654377e-02
-2.805775741604454865e-01
1.551826132178968365e-01
-4.350913587747307076e-02
1.438288030342071977e-03
3.719422227155266825e-01
-3.345607027527286448e-02
-3.611725268859444782e-01
-7.837994829562600074e-02
4.930783489842660572e-02
-9.591070368464293949e-03
3.990985687762904632e-02
7.578149219256147262e-04
-1.017224791205473267e-01
-3.047135418987600985e-02
1.618076415910163490e-01
1.358941816714809292e-01
3.808626192203234950e-02
-5.924496865317152583e-03
-4.838041564592110433e-02
1.683966091570177070e-03
5.901715158240783410e-02
-1.518918307796823797e-01
-2.334435036249749018e-01
-1.357106453603318386e-01
1.130119119119310511e-01
-7.122728365449582100e-02
-1.210488687064525948e-01
2.610426735882853677e-03
3.672023751732922392e-01
1.551840778102331342e-01
1.175654351648347529e-02
-7.760866706230107326e-02
2.630409015602630518e-03
-5.833517079112393589e-02
-5.680944901997886376e-02
-6.141948408200370579e-03
