1.383197792935442205e-01
2.029927903719752624e-02
-4.243674803922070637e-03
-1.235827440642517372e-01
3.797245411336913623e-02
2.031977290421760340e-02
-7.270314038299030557e-04
-1.743434974599972209e-01
-2.783677477760648777e-02
-1.432880084549503774e-02
-2.010355909520811224e-03
2.982698555156759745e-02
1.939933554941097871e-02
3.949042681403169830e-03
-4.408071130335144971e-04
3.017864421035743039e-02
-6.993051623882529100e-03
-7.406758806109692284e-02
-3.021906034433863297e-02
2.570076761652939634e-02
-3.029623464427533275e-02
8.177965683114907236e-03
-5.979725655608225665e-04
-7.879090721876758074e-03
8.733516895786941348e-03
-6.157185880942273037e-02
3.296142925442169247e-02
1.985499334389295711e-03
2.891859733449020364e-02
-4.499584984121729470e-03
-2.992544580193712278e-05
-1.334845517106386659e-02
-1.385553174797216069e-02
3.752874168545805578e-02
-1.344100128072844846e-02
-4.669134263252106010e-03
4.319527522993193980e-02
1.226651997858485554e-02
5.157650201023655789e-03
