0.000000000000000000e+00
5.070048737525389981e+00
2.194717105728876128e+00
1.820388143484348298e+00
1.701177530122259363e+00
4.422322133778910036e+00
9.056643765533973767e-01
3.651799517821044283e+00
1.306872630911592781e+00
4.915911716396164977e+00
2.381065908901431438e+00
6.107210504237357895e+00
4.084806852617643536e+00
3.906030643354502452e+00
6.454227183609642093e-01
1.049816398938266532e-01
1.513733511307058022e+00
2.662272265711353558e+00
6.545200779446029848e-01
2.202474246815316228e+00
1.171313870506738297e+00
1.183544160596013084e+00
3.007416502648811107e+00
4.204226285498627647e+00
2.302075691895165921e+00
1.581731334150892954e+00
5.124047233426982650e+00
3.392236928812234265e+00
3.084253508699805746e+00
6.162012520960172601e+00
1.031684471647661860e+00
1.460875112917102703e+00
2.858579307407915326e+00
3.004979180475839673e+00
8.294986786226707931e-01
3.775879296019504228e+00
2.517628001301906338e+00
2.409666247465438449e+00
1.796926367997013108e+00
