-9.589932520620524092e-02
4.351484694595681546e+00
2.945724909679501291e-01
6.654172004413324792e+00
3.913139880681227201e+00
6.869014037963437680e+00
2.062266076283692851e+00
5.007662257418952656e+00
4.055402014103669295e+00
6.278674827702870331e+00
4.474097062437407679e+00
5.156641346532602199e+00
2.235501295927556420e+00
2.915115291001297404e+00
2.089985403633686456e+00
6.257978040396828590e+00
2.648483570425613221e-01
1.129100838301833942e+00
2.244085413139978780e+00
6.062295846791316833e+00
2.619757137240972256e+00
1.775653359558469813e+00
3.212543973518550811e+00
1.281606707605768003e+00
8.174229478149145356e-01
3.140358880343758763e+00
2.181077283189344129e+00
3.957582911519239577e+00
4.880950093708089632e+00
6.067573482796309925e+00
-2.981126601977082680e-01
3.157703689916594669e+00
8.603051478062143653e-01
4.881730217162334462e+00
1.025099641775195414e+00
1.010581261263254538e+00
8.808777178699174204e-01
3.232652881129217892e+00
9.279391934236276285e-01
