0.000000000000000000e+00
4.085006017435823367e+00
4.657035777709453761e+00
2.867435288159013052e+00
5.809710561646626914e+00
2.903149290106059599e+00
3.746950995841165089e+00
2.165437479021592448e+00
8.721792491895205002e-01
2.216785204140290677e+00
3.924959222936242220e+00
2.231820255371870676e+00
7.085470301967368156e-01
1.639508409443670045e+00
2.502454924655583834e+00
1.917544975822765618e+00
3.467466249385047661e+00
2.059933064338706377e+00
2.964696344006666484e-01
4.076983602848828880e+00
2.285692238753179173e-01
3.752845462045535374e+00
1.179565815493141434e+00
1.505332544972212805e+00
2.587413733282478034e+00
1.175256522006775661e+00
3.191438239595477677e-01
3.933566541473269229e+00
5.323871922614937802e+00
1.635888981646915541e+00
4.145613427943337648e-01
4.620257687351204012e+00
1.708185710948516345e+00
3.921168049421717594e+00
6.161895063419308372e+00
4.442770648225348395e+00
6.674897328833383492e-01
4.193482695922982728e+00
2.525983502821331328e+00
