-1.549037441510616731e-01
5.472913046161176354e+00
2.494641510468118994e+00
2.097081018265456454e+00
1.739240696125291974e+00
3.823077618346113038e+00
1.395020078304167521e+00
3.529690392314098091e+00
1.160827900817219982e+00
4.671019658335541003e+00
2.069243959227449192e+00
5.367804067933152901e+00
4.442133205770831594e+00
4.060486302889970034e+00
9.552379011903753270e-01
2.560088087360672809e-02
1.368409644887891075e+00
2.361692001301734400e+00
4.374998852843959285e-01
1.922646849988015605e+00
1.542352698509528164e+00
1.431256222147036405e+00
3.213678712355598766e+00
4.671195803583014339e+00
2.392257987166707789e+00
1.598404464230001487e+00
5.037903100043096494e+00
2.933632944029524570e+00
2.716945253450829156e+00
6.199162924748413239e+00
1.147149480450500025e+00
1.293161058687291032e+00
2.886281248409972022e+00
2.300582389652450654e+00
2.437796185642286395e-01
3.347582331433124114e+00
2.633248061872299761e+00
2.812063421760117254e+00
1.893900822531176420e+00
