9.536395948028233982e-02
3.696077703712866924e+00
2.587250221606499867e+00
2.253030213494115142e+00
3.191460363463459515e+00
2.134703895725255318e+00
4.071623636345195862e+00
4.315876389548784609e+00
5.184362152639120147e+00
7.295655988859313101e-01
2.929039122083609836e+00
4.728097539686060835e-01
8.758403437855974971e-01
1.615453395810862780e+00
2.759660375305854174e+00
4.230674979044334982e+00
5.403269549471386490e+00
4.485793336048044644e+00
2.859982999224211841e+00
6.820403234683176663e+00
1.554064170743975515e+00
5.365666888238258991e+00
2.231621966362704157e+00
1.485453396792500103e+00
6.330084680548694109e+00
1.573659317416429282e+00
2.761325545834777628e+00
3.092150065459237318e+00
4.905106078534481995e+00
-1.719239050472513297e-01
3.861043604471916524e+00
1.217862521150681276e+00
5.134473104282368361e+00
1.281422097932955806e+00
1.988396959553093479e+00
3.463781488747917248e+00
1.624815715857025999e+00
2.892138722592449085e+00
5.824059310481447760e+00
