-9.751093047166393968e-02
1.793553398008378430e+00
1.785569747824791165e-01
3.230886191703999710e+00
4.163581786435993415e+00
8.890793787005574211e-01
3.900490780824077852e+00
3.004703744484065631e+00
2.068905748272842793e+00
1.325828315037530292e+00
3.548079552868106834e+00
4.994013383662978534e+00
1.204307021452472259e+00
5.924886970455060187e+00
2.271115282801973834e+00
5.023069688604331340e+00
1.856923079946362520e+00
3.357423970610137864e+00
3.656490695881298159e+00
9.495567316671056357e-01
5.271755566418525163e+00
5.662767552967262752e+00
2.532412247737416688e+00
4.369439198860647910e-01
2.371898035025298945e+00
1.712484528485894053e+00
2.590694227762304624e+00
1.268747446535797518e+00
2.447470206382005298e+00
4.894418028384238006e+00
4.755154762180648476e+00
6.374289964461109292e+00
1.447692205786101693e+00
1.326357666495380228e+00
5.572335908907399826e+00
2.493910660185518768e+00
2.879496344588788226e+00
3.576582592431973295e-01
4.611071614641662819e+00
