6.376258159909437007e-02
2.356458898384048428e+00
4.336958798412186233e+00
2.663833906679519803e+00
4.149234863572600851e+00
5.960281103852261175e+00
5.265228415155126740e+00
3.414649752118155135e+00
8.108251409860657288e-01
1.664531368559331315e-01
5.043975318444800848e+00
8.113326112580171445e-01
1.581563365513501074e+00
9.934672602223340032e-01
-1.468038599635649588e-01
3.207647629358315822e+00
3.217124446885979427e+00
2.381957420927253710e-01
1.358721995805200367e+00
2.305882376763180197e+00
2.631411709386168418e+00
8.914543668083046990e-01
4.100216734574636313e+00
4.951851852522792363e+00
3.829966333247517785e+00
3.205580664552532433e+00
6.171714598526588880e+00
2.884086414246474384e+00
3.527524296804659620e+00
4.506746248806617672e+00
5.237429446397201538e+00
1.706029137947354668e+00
3.051476437687212329e+00
2.692155989213131040e+00
-1.673228798137153805e-01
5.358752904257425342e+00
2.395006796118065218e+00
1.389977943687703832e-01
2.827020557596548578e+00
