-7.494807115838814093e-02
2.500419651053638059e+00
2.995164242739006277e-01
2.393631995347051677e-01
1.079197888610863298e+00
5.172440634052556385e-01
4.543022557695634234e+00
5.320801774197382095e+00
1.355690302801103586e-01
5.356834970190609724e+00
4.171804171770756575e+00
1.142766288682789400e+00
5.202964927962060671e+00
6.236067871611360225e+00
5.027313515044927072e+00
4.078055961777277361e+00
2.057563557146655064e+00
3.452166869455020048e+00
2.302887030512113853e+00
4.490307259386677075e+00
5.671036978577569165e+00
3.144594329955303635e+00
-2.254495838637327401e-02
4.078568052005799416e+00
6.364357611750896204e+00
4.944608511979214249e+00
8.874127912014831976e-01
5.257870359281157313e+00
4.607033054548393736e+00
5.101551988411882732e+00
1.644233811399000045e+00
5.325153453081017396e+00
2.869410200718343962e+00
1.622640318095906142e+00
3.894309743746683594e+00
4.879157026205001579e-01
1.724628835272352001e+00
4.953957879108208395e+00
1.502281185532675867e+00
