0.000000000000000000e+00
1.617540978749414382e+00
4.875939115877690355e+00
2.741650746286617757e+00
3.965735505708894770e+00
5.899011402385013980e+00
5.647739826589833534e+00
3.330560826102475058e+00
9.098732370311313211e-01
9.028282875497645188e-02
5.735877855851760465e+00
1.692585492361750599e-02
2.013719072779457164e+00
9.566613272087167719e-01
4.393437522657844263e-01
3.147843979797165570e+00
2.991626668454933302e+00
1.974291366262563296e-01
1.449596320770418778e+00
1.696554618297260175e+00
3.622576434880127039e+00
7.001758943241346289e-01
3.923286999208080772e+00
5.462648761344902404e+00
5.389896142056398887e+00
3.379917542383346074e+00
5.845972480667088078e+00
1.801184829508163165e+00
3.034234100236156806e+00
4.664805568301970240e+00
4.994198002776734313e+00
1.815464128254544729e+00
2.117810433863811070e+00
1.904316892196306066e+00
4.327617817986216253e-01
5.544859851088387082e+00
2.933473264935637648e+00
7.107895078038601877e-01
3.183491106237882118e+00
