0.000000000000000000e+00
4.130864813469228736e+00
5.916716419213209122e+00
2.839762728279713322e+00
5.536608060469766279e+00
5.498112259125042200e+00
4.558037460021981069e+00
3.461316396002984241e+00
1.002682151682572798e+00
5.522708825572784974e+00
9.141452224670203186e-02
4.576254291079078662e+00
3.081003398471602317e+00
4.196057922245131522e+00
5.800038690013452403e+00
1.602093699584809627e+00
3.885317887479192489e+00
4.513433397468903152e+00
2.877389441285805649e+00
3.720384442246300605e+00
6.257378838997814441e+00
9.318271286620424254e-01
1.382738794271795468e+00
3.653463806869980512e+00
2.585917581939350285e+00
3.411240161344581523e+00
5.627240259112890719e+00
3.141309340678672513e+00
6.319635315876566128e-01
2.336951371157344415e+00
5.369969073925889624e+00
3.120255925296664845e+00
5.235854760581398537e+00
3.969568915375314422e+00
4.475330473689894006e+00
5.336797446739198314e+00
4.198692687254256484e+00
2.042428494350746249e+00
1.652485872786108922e+00
