0.000000000000000000e+00
1.796086781698630785e+00
6.604817440314081356e-01
3.094316477042621250e-01
1.224636845347604641e+00
2.559237045995341742e-01
4.487876557453444271e+00
5.015330455487937655e+00
1.848172606968631615e-01
5.945393996919880131e+00
3.951202427677843243e+00
3.731713328354127057e-01
5.258901813558888527e+00
5.938162422804195373e+00
4.737838932949069992e+00
3.819347013761449805e+00
2.060324743709587292e+00
3.451269982870627473e+00
2.633395927722010921e+00
5.006490809703908695e+00
5.295660501876909620e+00
2.576704142455299440e+00
2.947536903251512519e-01
3.507600444011316654e+00
6.098041683598768081e+00
6.040112995589765887e+00
8.106540896431645438e-01
5.071969306867431193e+00
4.450964214849348011e+00
4.976013330994168982e+00
2.272863941066864069e+00
6.276059756270561785e+00
3.470376412180102399e+00
2.207617902281645339e+00
5.076919023681821130e+00
7.368738319454347201e-03
1.548031404199475380e+00
4.765049978308319112e+00
8.856990698867479583e-01
