0.000000000000000000e+00
2.074259736482502170e+00
2.637169360328881051e+00
6.073202600548412988e+00
4.953816295261927571e+00
2.634414776265693536e+00
4.032830318057654573e+00
1.598816254077231935e+00
3.889022100474344157e+00
8.887528820530272711e-01
4.700643165464036599e+00
6.051911809563859102e+00
1.120045188952495607e+00
5.047954099081877644e+00
5.634480044978615432e+00
2.719247934714979387e+00
2.491401436964601590e+00
3.928537598150473098e+00
5.314847289485181037e+00
8.514827295420638320e-01
5.568879228169189233e+00
3.933438397464578351e+00
4.802474662615565215e+00
4.008281276362505530e+00
4.254501681677002600e-01
3.080334320710701679e+00
5.423874682022390203e+00
4.599354254882929149e-01
5.793284064827584068e+00
1.049864198228866341e+00
5.762880510092434960e+00
6.251958465203378168e+00
2.059085400482437711e-01
1.773814748267803054e+00
8.030518016868506415e-01
1.377924196585924577e+00
5.549429545164008104e+00
2.352949456914324777e+00
3.959042339070597105e+00
