-8.328464081494918458e-02
4.260999287180894157e+00
4.625911629876283904e+00
2.693681061447925185e+00
6.396435927695906187e+00
2.810479338450247333e+00
3.839990238922881716e+00
1.890894189192266817e+00
6.108289910343041029e-01
2.152720178529608841e+00
3.936205850616374402e+00
2.714650300255005089e+00
1.628899972379023176e-01
2.154265578594096731e+00
2.327489029181106783e+00
1.541847871814013171e+00
3.130470464168667366e+00
2.990635165205733692e+00
-2.057137797396551004e-01
3.647310427286995616e+00
-3.102617938958828758e-01
3.808358213232744482e+00
1.851392119011467052e+00
1.328098884662660684e+00
3.185254129226431807e+00
1.367693325199402565e+00
4.461908658364905356e-01
4.178858980345815155e+00
6.126784893454125580e+00
1.361596498245589260e+00
9.666272800931462184e-02
4.267560094661074110e+00
1.326219104780959723e+00
3.621103686981137049e+00
6.409732295582730721e+00
4.634287649759145644e+00
3.567601131317362229e-01
3.305248940731702501e+00
2.848896638222989441e+00
