0.000000000000000000e+00
3.653312412672330645e+00
2.773069175136151365e+00
2.899622191840951935e+00
3.527309205153873251e+00
2.154160395548638807e+00
3.853208777251546646e+00
3.988138828593569052e+00
5.098491977140358067e+00
1.612303179871372949e+00
2.913851718938418323e+00
6.811582414598987834e-01
1.595587732825562099e+00
1.181010091288408947e+00
2.673360110269046963e+00
4.376063594254586242e+00
5.052389619075509763e+00
5.048239116542104554e+00
3.234637872568415506e+00
6.204499943679429030e+00
1.089242393702267053e+00
5.676708636918492701e+00
2.122568470151970477e+00
1.337165967106056286e+00
6.274240538908739673e+00
1.436843077629148313e+00
2.537147483049586594e+00
2.865557451977325254e+00
5.197769750167243075e+00
4.009987541431521141e-01
3.837388773616741577e+00
1.145326174309329037e+00
4.792630817470841187e+00
2.293820030194448467e+00
2.588494141602087240e+00
3.098363999673547475e+00
2.422466572378413119e+00
3.110586100869861426e+00
5.585085993848691643e+00
