5.510530682644230321e-02
3.772373856065495801e+00
2.281992990452310494e-03
6.565960602844099769e-01
5.911106617193953028e+00
5.624654936542599515e+00
5.498097975951865557e+00
6.225723062141056197e+00
1.553660302190782438e+00
2.923212662496275094e-01
4.861420348161606064e+00
5.355704178544029581e+00
-1.634792096930378913e-01
5.458140796804991091e+00
1.759176774242018571e+00
4.271205438156249201e+00
3.868663149388082534e+00
3.849402621766562227e+00
3.506655668593766428e+00
5.204653809906425010e+00
5.664008578455728582e+00
2.289189679862119409e+00
7.657548755390107820e-01
2.463286190592712366e+00
1.838116105312599835e+00
5.966130222727221266e+00
3.942213940825541219e+00
2.448905481613280699e+00
2.561993258146164187e+00
4.207121439360721915e+00
1.457758963898581728e+00
3.938872922660079934e-01
4.846761520804948375e+00
1.172114241642462362e+00
4.117047090282742516e+00
5.739094252601327995e+00
2.514352511752947272e+00
2.623094935592975574e+00
4.755200443091032625e+00
