0.000000000000000000e+00
4.856195199562392872e+00
9.945185371015848874e-01
5.914482831215145175e+00
2.671863139352663730e+00
6.145830928546874183e+00
1.925645078584284020e+00
5.403603931964533480e+00
4.188579039949643423e+00
5.886117318563538703e+00
4.473530463374078003e+00
4.827743868389204884e+00
2.010688210290460631e+00
1.927452253127936332e+00
2.164734803422295517e+00
6.113658490167945381e+00
1.392529922147683289e-03
1.301378020785528555e+00
2.064767990709845513e+00
6.027197060433644005e+00
2.261201448001618708e+00
1.188978375224139183e+00
2.542306172879694515e+00
7.810909977202081800e-01
7.889476938407038453e-01
3.081876952894952115e+00
2.368585735851384655e+00
4.154975852740427023e+00
5.286396264890887764e+00
4.947502644630175972e+00
5.299047940794319178e-01
3.393940688443039200e+00
8.987782817611283948e-01
4.678686015900513695e+00
1.219877894579552979e+00
1.097297546110204802e+00
1.094528351167384450e+00
2.622974705461885492e+00
2.373814725550845717e-01
