0.000000000000000000e+00
1.817649690170833665e+00
4.351923348089916099e-01
3.227962565537641826e+00
3.936743689481397634e+00
1.483187542509117218e+00
3.719340942886959933e+00
2.619805625177327624e+00
2.223140209774765896e+00
1.411672396847453603e+00
3.799688073623104678e+00
4.752751605354085918e+00
1.135392412449665267e+00
6.089897440489393965e+00
1.944036311386836191e+00
4.953241334351129233e+00
1.374704203150375781e+00
3.689517550403150548e+00
3.036577456451348578e+00
6.177230465025441708e-01
5.443216858974006200e+00
5.584831229258667484e+00
2.594258961717304857e+00
4.767381395610832406e-01
2.039077325944320229e+00
1.384387667167376712e+00
3.007574521620342889e+00
2.062481346668053828e+00
3.150191853602655634e+00
5.066282864548560916e+00
4.846590814903997568e+00
6.118131799341751886e+00
1.135949368961108874e+00
1.405318162330503995e+00
4.915937946095884747e+00
2.325121801407312727e+00
3.165617264825593580e+00
2.709466542979345194e-01
4.705456459442927120e+00
