2.392179789007966018e-01
4.118560485428860218e+00
6.272575184046366381e+00
2.891005488285613989e+00
5.417990033805762273e+00
5.771250615003603812e+00
3.109215406655267522e+00
3.454719455167511111e+00
1.086066086212268272e-01
5.339330712788060040e+00
-5.899642796072331746e-02
5.012052255029097125e+00
3.257254097159859807e+00
4.475230115383838303e+00
5.518135860522742853e+00
1.346396059322792382e+00
3.527747897224176032e+00
4.720802090175753918e+00
3.349711974550314331e+00
3.804965350331589224e+00
6.334863170488946871e+00
-5.980197421002517166e-02
1.373669070997668662e+00
3.283690344506548175e+00
2.599830117830203235e+00
3.599959868706338995e+00
5.413284226535362897e+00
3.036808821006868886e+00
7.036248950092302001e-01
2.224953725522265113e+00
4.588100389051633421e+00
3.279486152976767155e+00
4.992868771923170357e+00
3.542907550301754860e+00
4.660104175498589463e+00
5.126654033614268080e+00
4.137240644987724814e+00
3.137311043886984230e+00
1.675401989877583597e+00
