-2.972100471088252177e-02
2.809089487533045659e+00
2.682399202936317284e+00
5.725396941811076168e+00
5.558724284091903556e+00
2.561800099319746060e+00
4.984114488548874178e+00
2.283640945231000252e+00
4.173230703798212815e+00
1.648277409805676497e+00
4.918133712229667331e+00
7.728776157169230387e+00
1.196127529110670551e+00
5.068075705330592484e+00
5.791071543314018299e+00
2.950721749006253170e+00
2.403651227323786888e+00
4.125655618784674239e+00
5.686416306520842845e+00
8.075021840938787498e-01
6.580332427955687180e+00
4.034418026506465971e+00
4.418438431863266125e+00
3.765349291048017299e+00
3.720271679743352156e-01
3.181391486394061996e+00
5.075343854401666022e+00
7.516858555107314155e-01
6.100259743762092235e+00
3.658062713939063126e-01
5.413583645078777984e+00
6.800361567918113970e+00
6.306882689946154141e-02
1.557973420571004075e+00
6.199875757015045341e-01
1.179462549947046357e+00
5.599746913964557926e+00
2.187110719920963398e+00
4.588221795568572681e+00
