0.000000000000000000e+00 -7.500000000000000000e-01 3.589669515030328162e-01
1.001001001001001062e-01 -6.885666362257475415e-01 4.053843647818925477e-01
2.002002002002002123e-01 -6.273759801436162853e-01 4.516146928014022066e-01
3.003003003003003046e-01 -5.664273067078107182e-01 4.976584981924310758e-01
4.004004004004004247e-01 -5.057198928017844208e-01 5.435163420837436643e-01
5.005005005005005447e-01 -4.452530172334238090e-01 5.787514274342708820e-01
6.006006006006006093e-01 -3.850259607302431442e-01 5.309281997478811910e-01
7.007007007007007848e-01 -3.250380059345908124e-01 4.832939299067844363e-01
8.008008008008008494e-01 -2.652884373988672051e-01 4.358480534126215611e-01
9.009009009009009139e-01 -2.057765415807544795e-01 3.885900072691176876e-01
1.001001001001001089e+00 -1.465016068384570047e-01 3.415192299783301189e-01
1.101101101101101154e+00 -8.746292342595425595e-02 2.946351615369035004e-01
1.201201201201201219e+00 -2.865978348826379168e-02 2.479372434323434404e-01
1.301301301301301283e+00 2.990851894328331803e-02 2.014249186392906288e-01
1.401401401401401570e+00 8.824268795575619662e-02 1.550976316158042267e-01
1.501501501501501634e+00 1.463434257593264620e-01 1.089548282996613687e-01
1.601601601601601699e+00 2.042114326919593770e-01 6.299595610465505424e-02
1.701701701701701763e+00 2.618474072240934425e-01 1.722046391691164219e-02
1.801801801801801828e+00 3.192520459633090835e-01 -2.837219790879023928e-02
1.901901901901902114e+00 3.764260436589861314e-01 -7.378257755269214402e-02
2.002002002002002179e+00 4.333700932069497469e-01 -1.190112217337123551e-01
2.102102102102102243e+00 4.900848856541051290e-01 -1.640586757131001494e-01
2.202202202202202308e+00 5.465711102030627044e-01 -2.089254832980824150e-01
2.302302302302302373e+00 6.028294542167490500e-01 -2.536121868454929151e-01
2.402402402402402437e+00 6.588606032230105436e-01 -2.981193272654044657e-01
2.502502502502502502e+00 7.121151419328712873e-01 -3.424474440247408658e-01
2.602602602602602566e+00 6.536830795673321814e-01 -3.865970751508888137e-01
2.702702702702703075e+00 5.954818724852819489e-01 -4.305687572352993042e-01
2.802802802802803139e+00 5.375108310428390324e-01 -4.743630254370750365e-01
2.902902902902903204e+00 4.797692674311782035e-01 -5.179804134865558796e-01
3.003003003003003268e+00 4.222564956719491724e-01 -5.495080010907208434e-01
3.103103103103103333e+00 3.649718316127065765e-01 -5.040211577143680621e-01
3.203203203203203397e+00 3.079145929223490730e-01 -4.587140445989513204e-01
3.303303303303303462e+00 2.510840990865724209e-01 -4.135861248089535702e-01
3.403403403403403527e+00 1.944796714033313334e-01 -3.686368628376059942e-01
3.503503503503503591e+00 1.381006329783116549e-01 -3.238657246033141424e-01
3.603603603603603656e+00 8.194630872041604175e-02 -2.792721774461047746e-01
3.703703703703703720e+00 2.601602533725737298e-02 -2.348556901240743400e-01
3.803803803803804229e+00 -2.969088866933415963e-02 -1.906157328098438408e-01
3.903903903903904293e+00 -8.517510300779594645e-02 -1.465517770870318204e-01
4.004004004004004358e+00 -1.404372856013043624e-01 -1.026632959467259493e-01
4.104104104104104422e+00 -1.954781025922373849e-01 -5.894976378396867694e-02
4.204204204204204487e+00 -2.502982183466264665e-01 -1.541065639424738822e-02
4.304304304304304551e+00 -3.048982954585963689e-01 2.795454903000414715e-02
4.404404404404404616e+00 -3.592789947547960772e-01 7.114637390289108021e-02
4.504504504504504681e+00 -4.134409752988154052e-01 1.141653382485493112e-01
4.604604604604604745e+00 -4.673848943955978275e-01 1.570119607046149002e-01
4.704704704704704810e+00 -5.211114075958358516e-01 1.996867585256851541e-01
4.804804804804804874e+00 -5.746211687003599522e-01 2.421902475867853954e-01
4.904904904904904939e+00 -6.279148297645132937e-01 2.845229423868118057e-01
5.005005005005005003e+00 -6.761417994918179630e-01 3.266853560519755728e-01
5.105105105105105068e+00 -6.205644113101270731e-01 3.686780003392290950e-01
5.205205205205205132e+00 -5.652066048047441615e-01 4.105013856396998451e-01
5.305305305305305197e+00 -5.100677240051268990e-01 4.521560209821014475e-01
5.405405405405406150e+00 -4.551471146861963413e-01 4.936424140361378998e-01
5.505505505505506214e+00 -4.004441243639771386e-01 5.217404974254918892e-01
5.605605605605606279e+00 -3.459581022912524007e-01 4.784758953377480917e-01
5.705705705705706343e+00 -2.916883994532241120e-01 4.353822465471824388e-01
5.805805805805806408e+00 -2.376343685631886748e-01 3.924590403353053758e-01
5.905905905905906472e+00 -1.837953640582195014e-01 3.497057673426158808e-01
6.006006006006006537e+00 -1.301707420948630400e-01 3.071219195652123979e-01
6.106106106106106601e+00 -7.675986054484104648e-02 2.647069903513995515e-01
6.206206206206206666e+00 -2.356207899076661130e-02 2.224604743983157606e-01
6.306306306306306730e+00 2.942324127813092730e-02 1.803818677485689026e-01
6.406406406406406795e+00 8.219673727026942378e-02 1.384706677868673685e-01
6.506506506506506859e+00 1.347590442959707702e-01 9.672637323667147846e-02
6.606606606606606924e+00 1.871107959717031866e-01 5.514848415685412453e-02
6.706706706706706989e+00 2.392526242243148971e-01 1.373650193835500646e-02
6.806806806806807053e+00 2.911851592952599543e-01 -2.751007069914147840e-02
6.906906906906907118e+00 3.429090297448100788e-01 -6.859172971052990286e-02
7.007007007007007182e+00 3.944248624562595729e-01 -1.095089697285899916e-01
7.107107107107107247e+00 4.457332826401167458e-01 -1.502622840673002169e-01
7.207207207207207311e+00 4.968349138382901486e-01 -1.908521647251297249e-01
7.307307307307307376e+00 5.477303779282597374e-01 -2.312791023883227493e-01
7.407407407407407440e+00 5.984202951272420412e-01 -2.715435864341880778e-01
7.507507507507508393e+00 6.419836276337124170e-01 -3.116461049343675072e-01
7.607607607607608458e+00 5.891214498126945420e-01 -3.515871446580965398e-01
7.707707707707708522e+00 5.364681305970233627e-01 -3.913671910754702998e-01
7.807807807807808587e+00 4.840230460453244787e-01 -4.309867283606882427e-01
7.907907907907908651e+00 4.317855738764668216e-01 -4.704462393952921762e-01
8.008008008008008716e+00 3.797550934654145838e-01 -4.953745065778522583e-01
8.108108108108108780e+00 3.279309858390970223e-01 -4.542235791600658379e-01
8.208208208208208845e+00 2.763126336722772081e-01 -4.132352566906583036e-01
8.308308308308308909e+00 2.248994212834427020e-01 -3.724090533880654585e-01
8.408408408408408974e+00 1.736907346306974520e-01 -3.317444847633603811e-01
8.508508508508509038e+00 1.226859613076637934e-01 -2.912410676170307244e-01
8.608608608608609103e+00 7.188449053940267064e-02 -2.508983200357502996e-01
8.708708708708709167e+00 2.128571317833063969e-02 -2.107157613891731951e-01
8.808808808808809232e+00 -2.911097829984017962e-02 -1.706929123267266479e-01
8.908908908908909297e+00 -7.930618980016067299e-02 -1.308292947744204293e-01
9.009009009009009361e+00 -1.293005256124946933e-01 -9.112443193164944388e-02
9.109109109109109426e+00 -1.790945884155505929e-01 -5.157784826801691674e-02
9.209209209209209490e+00 -2.286889792809106703e-01 -1.218906952016515950e-02
9.309309309309309555e+00 -2.780842976770518948e-01 2.704237731139888870e-02
9.409409409409409619e+00 -3.272811414733478586e-01 6.611696396545761745e-02
9.509509509509509684e+00 -3.762801069440734891e-01 1.050351609232292593e-01
9.609609609609609748e+00 -4.250817887723885025e-01 1.437974374115194853e-01
9.709709709709709813e+00 -4.736867800543185236e-01 1.824042614058528078e-01
9.809809809809809877e+00 -5.220956723027275759e-01 2.208560996335964532e-01
9.909909909909909942e+00 -5.703090554512733057e-01 2.591534175770892623e-01
1.001001001001001001e+01 -6.095491325116566550e-01 2.972966794767505361e-01
1.011011011011011007e+01 -5.592695146655730642e-01 3.352863483341820827e-01
1.021021021021021014e+01 -5.091885560051726545e-01 3.731228859152736499e-01
1.031031031031031020e+01 -4.593056630543567720e-01 4.108067527532904828e-01
1.041041041041041026e+01 -4.096202439162069386e-01 4.483384081519515285e-01
1.051051051051051033e+01 -3.601317082690491667e-01 4.703393663303024885e-01
1.061061061061061039e+01 -3.108394673625133331e-01 4.311988509342978282e-01
1.071071071071071223e+01 -2.617429340136157023e-01 3.922129998218190083e-01
1.081081081081081230e+01 -2.128415226028416984e-01 3.533813509306280576e-01
1.091091091091091236e+01 -1.641346490702386141e-01 3.147034434280147064e-01
1.101101101101101243e+01 -1.156217309115251529e-01 2.761788177077234563e-01
1.111111111111111249e+01 -6.730218717420219376e-02 2.378070153868970804e-01
1.121121121121121256e+01 -1.917543845367376473e-02 1.995875793030132683e-01
1.131131131131131262e+01 2.875909311061569315e-02 1.615200535108410052e-01
1.141141141141141269e+01 7.650198383904226185e-02 1.236039832794044308e-01
1.151151151151151275e+01 1.240538085156542569e-01 8.583891508894143929e-02
1.161161161161161282e+01 1.714151403920058936e-01 4.822439662788204073e-02
1.171171171171171288e+01 2.185865511909950432e-01 1.075997678983359532e-02
1.181181181181181294e+01 2.655686111106786984e-01 -2.655479432943821591e-02
1.191191191191191301e+01 3.123618888280877970e-01 -6.372036543500969596e-02
1.201201201201201307e+01 3.589669515030328162e-01 -1.007371840357919185e-01
1.211211211211211314e+01 4.053843647818925477e-01 -1.376056964475284861e-01
1.221221221221221320e+01 4.516146928014022066e-01 -1.743263477957740226e-01
1.231231231231231327e+01 4.976584981924310758e-01 -2.108995820188655501e-01
1.241241241241241333e+01 5.435163420837436643e-01 -2.473258418708986772e-01
1.251251251251251340e+01 5.787514274342708820e-01 -2.836055689246847478e-01
1.261261261261261346e+01 5.309281997478811910e-01 -3.197392035747007588e-01
1.271271271271271353e+01 4.832939299067844363e-01 -3.557271850400445246e-01
1.281281281281281359e+01 4.358480534126215611e-01 -3.915699513673687182e-01
1.291291291291291365e+01 3.885900072691176876e-01 -4.272679394338166348e-01
1.301301301301301372e+01 3.415192299783301189e-01 -4.465679735381788973e-01
1.311311311311311378e+01 2.946351615369035004e-01 -4.093396523634925677e-01
1.321321321321321385e+01 2.479372434323434404e-01 -3.722584425825550825e-01
1.331331331331331391e+01 2.014249186392906288e-01 -3.353239046943119472e-01
1.341341341341341398e+01 1.550976316158042267e-01 -2.985356003672007819e-01
1.351351351351351404e+01 1.089548282996613687e-01 -2.618930924362355417e-01
1.361361361361361411e+01 6.299595610465505424e-02 -2.253959449000976223e-01
1.371371371371371417e+01 1.722046391691164219e-02 -1.890437229182221623e-01
1.381381381381381424e+01 -2.837219790879023928e-02 -1.528359928079029983e-01
1.391391391391391430e+01 -7.378257755269214402e-02 -1.167723220414046692e-01
1.401401401401401436e+01 -1.190112217337123551e-01 -8.085227924306948033e-02
1.411411411411411443e+01 -1.640586757131001494e-01 -4.507543418644353872e-02
1.421421421421421449e+01 -2.089254832980824150e-01 -9.441357791409109301e-03
1.431431431431431456e+01 -2.536121868454929151e-01 2.605037787868712956e-02
1.441441441441441462e+01 -2.981193272654044657e-01 6.140019961988753272e-02
1.451451451451451469e+01 -3.424474440247408658e-01 9.660853309047101600e-02
1.461461461461461475e+01 -3.865970751508888137e-01 1.316758028138032555e-01
1.471471471471471482e+01 -4.305687572352993042e-01 1.666024321811695463e-01
1.481481481481481488e+01 -4.743630254370750365e-01 2.013888434546066974e-01
1.491491491491491495e+01 -5.179804134865558796e-01 2.360354577697220679e-01
1.501501501501501679e+01 -5.495080010907208434e-01 2.705426951385168644e-01
1.511511511511511685e+01 -5.040211577143680621e-01 3.049109744521926180e-01
1.521521521521521692e+01 -4.587140445989513204e-01 3.391407134839501958e-01
1.531531531531531698e+01 -4.135861248089535702e-01 3.732323288917939741e-01
1.541541541541541704e+01 -3.686368628376059942e-01 4.071862362213172770e-01
1.551551551551551711e+01 -3.238657246033141424e-01 4.239966050390913677e-01
1.561561561561561717e+01 -2.792721774461047746e-01 3.885870586695031048e-01
1.571571571571571724e+01 -2.348556901240743400e-01 3.533174396423314767e-01
1.581581581581581730e+01 -1.906157328098438408e-01 3.181873299161032675e-01
1.591591591591591737e+01 -1.465517770870318204e-01 2.831963125617386612e-01
1.601601601601601743e+01 -1.026632959467259493e-01 2.483439717597777929e-01
1.611611611611611750e+01 -5.894976378396867694e-02 2.136298927976133244e-01
1.621621621621621756e+01 -1.541065639424738822e-02 1.790536620667197709e-01
1.631631631631631763e+01 2.795454903000414715e-02 1.446148670598992603e-01
1.641641641641641769e+01 7.114637390289108021e-02 1.103130963685347021e-01
1.651651651651651775e+01 1.141653382485493112e-01 7.614793967983822520e-02
1.661661661661661782e+01 1.570119607046149002e-01 4.211898777411843264e-02
1.671671671671671788e+01 1.996867585256851541e-01 8.225832522047053785e-03
1.681681681681681795e+01 2.421902475867853954e-01 -2.553193311806071022e-02
1.691691691691691801e+01 2.845229423868118057e-01 -5.915471510297142660e-02
1.701701701701701808e+01 3.266853560519755728e-01 -9.264291830724111221e-02
1.711711711711711814e+01 3.686780003392290950e-01 -1.259969465259166421e-01
1.721721721721721821e+01 4.105013856396998451e-01 -1.592172024772412486e-01
1.731731731731731827e+01 4.521560209821014475e-01 -1.923040878053428326e-01
1.741741741741741833e+01 4.936424140361378998e-01 -2.252580030829161029e-01
1.751751751751751840e+01 5.217404974254918892e-01 -2.580793478139083996e-01
1.761761761761761846e+01 4.784758953377480917e-01 -2.907685204361891151e-01
1.771771771771771853e+01 4.353822465471824388e-01 -3.233259183242118695e-01
1.781781781781781859e+01 3.924590403353053758e-01 -3.557519377916816827e-01
1.791791791791791866e+01 3.497057673426158808e-01 -3.880469740942048551e-01
1.801801801801801872e+01 3.071219195652123979e-01 -4.025647475660231178e-01
1.811811811811811879e+01 2.647069903513995515e-01 -3.688851205469325101e-01
1.821821821821821885e+01 2.224604743983157606e-01 -3.353385876454846870e-01
1.831831831831831892e+01 1.803818677485689026e-01 -3.019247512319780391e-01
1.841841841841841898e+01 1.384706677868673685e-01 -2.686432147347930788e-01
1.851851851851851904e+01 9.672637323667147846e-02 -2.354935826377541896e-01
1.861861861861861911e+01 5.514848415685412453e-02 -2.024754604774985645e-01
1.871871871871871917e+01 1.373650193835500646e-02 -1.695884548408389814e-01
1.881881881881881924e+01 -2.751007069914147840e-02 -1.368321733621467307e-01
1.891891891891891930e+01 -6.859172971052990286e-02 -1.042062247207323628e-01
1.901901901901901937e+01 -1.095089697285899916e-01 -7.171021863824007803e-02
1.911911911911911943e+01 -1.502622840673002169e-01 -3.934376587603703040e-02
1.921921921921921950e+01 -1.908521647251297249e-01 -7.106478232619024143e-03
1.931931931931931956e+01 -2.312791023883227493e-01 2.500203145897735013e-02
1.941941941941941963e+01 -2.715435864341880778e-01 5.698214933376712088e-02
1.951951951951951969e+01 -3.116461049343675072e-01 8.883426049739222286e-02
1.961961961961961975e+01 -3.515871446580965398e-01 1.205587490286910007e-01
1.971971971971971982e+01 -3.913671910754702998e-01 1.521559979822718900e-01
1.981981981981981988e+01 -4.309867283606882427e-01 1.836263893910702605e-01
1.991991991991991995e+01 -4.704462393952921762e-01 2.149703042688995147e-01
2.002002002002002001e+01 -4.953745065778522583e-01 2.461881226130072653e-01
2.012012012012012008e+01 -4.542235791600658379e-01 2.772802234066082394e-01
2.022022022022022014e+01 -4.132352566906583036e-01 3.082469846214285769e-01
2.032032032032032021e+01 -3.724090533880654585e-01 3.390887832202307828e-01
2.042042042042042027e+01 -3.317444847633603811e-01 3.698059951593389294e-01
2.052052052052052034e+01 -2.912410676170307244e-01 3.822149362118205662e-01
2.062062062062062040e+01 -2.508983200357502996e-01 3.501807140802067897e-01
2.072072072072072046e+01 -2.107157613891731951e-01 3.182730865357339956e-01
2.082082082082082053e+01 -1.706929123267266479e-01 2.864916753638188096e-01
2.092092092092092059e+01 -1.308292947744204293e-01 2.548361033563064093e-01
2.102102102102102066e+01 -9.112443193164944388e-02 2.233059943089555632e-01
2.112112112112112072e+01 -5.157784826801691674e-02 1.919009730189314977e-01
2.122122122122122079e+01 -1.218906952016515950e-02 1.606206652823036485e-01
2.132132132132132085e+01 2.704237731139888870e-02 1.294646978915592050e-01
2.142142142142142447e+01 6.611696396545761745e-02 9.843269863310141754e-02
2.152152152152152453e+01 1.050351609232292593e-01 6.752429628477570056e-02
2.162162162162162460e+01 1.437974374115194853e-01 3.673912061339051210e-02
2.172172172172172466e+01 1.824042614058528078e-01 6.076802372246525343e-03
2.182182182182182473e+01 2.208560996335964532e-01 -2.446302670132825471e-02
2.192192192192192479e+01 2.591534175770892623e-01 -5.488073388843975331e-02
2.202202202202202486e+01 2.972966794767505361e-01 -8.517668549107214326e-02
2.212212212212212492e+01 3.352863483341820827e-01 -1.153512468345482406e-01
2.222222222222222499e+01 3.731228859152736499e-01 -1.454047822699620907e-01
2.232232232232232505e+01 4.108067527532904828e-01 -1.753376551766166747e-01
2.242242242242242511e+01 4.483384081519515285e-01 -2.051502279644535354e-01
2.252252252252252518e+01 4.703393663303024885e-01 -2.348428620764786701e-01
2.262262262262262524e+01 4.311988509342978282e-01 -2.644159179911723667e-01
2.272272272272272531e+01 3.922129998218190083e-01 -2.938697552249137090e-01
2.282282282282282537e+01 3.533813509306280576e-01 -3.232047323343786305e-01
2.292292292292292544e+01 3.147034434280147064e-01 -3.524212069189427976e-01
2.302302302302302550e+01 2.761788177077234563e-01 -3.628926010154983062e-01
2.312312312312312557e+01 2.378070153868970804e-01 -3.324233982229709561e-01
2.322322322322322563e+01 1.995875793030132683e-01 -3.020746078856967887e-01
2.332332332332332570e+01 1.615200535108410052e-01 -2.718458702562308593e-01
2.342342342342342576e+01 1.236039832794044308e-01 -2.417368265444189701e-01
2.352352352352352582e+01 8.583891508894143929e-02 -2.117471189150059163e-01
2.362362362362362589e+01 4.822439662788204073e-02 -1.818763904852506996e-01
2.372372372372372595e+01 1.075997678983359532e-02 -1.521242853225482361e-01
2.382382382382382602e+01 -2.655479432943821591e-02 -1.224904484420541451e-01
2.392392392392392608e+01 -6.372036543500969596e-02 -9.297452580432624680e-02
2.402402402402402615e+01 -1.007371840357919185e-01 -6.357616431295003145e-02
2.412412412412412621e+01 -1.376056964475284861e-01 -3.429501181219140465e-02
2.422422422422422628e+01 -1.743263477957740226e-01 -5.130717084644290625e-03
2.432432432432432634e+01 -2.108995820188655501e-01 2.391707015111388043e-02
2.442442442442442641e+01 -2.473258418708986772e-01 5.284869924286340198e-02
2.452452452452452647e+01 -2.836055689246847478e-01 8.166451860706705479e-02
2.462462462462462653e+01 -3.197392035747007588e-01 1.103648757312105516e-01
2.472472472472472660e+01 -3.557271850400445246e-01 1.389501171761163001e-01
2.482482482482482666e+01 -3.915699513673687182e-01 1.674205885782620862e-01
2.492492492492492673e+01 -4.272679394338166348e-01 1.957766346520921075e-01
2.502502502502502679e+01 -4.465679735381788973e-01 2.240185991923245024e-01
2.512512512512512686e+01 -4.093396523634925677e-01 2.521468250762431418e-01
2.522522522522522692e+01 -3.722584425825550825e-01 2.801616542660044784e-01
2.532532532532532699e+01 -3.353239046943119472e-01 3.080634278109178892e-01
2.542542542542542705e+01 -2.985356003672007819e-01 3.358524858497316523e-01
2.552552552552552712e+01 -2.618930924362355417e-01 3.445459212623666612e-01
2.562562562562562718e+01 -2.253959449000976223e-01 3.155652794591100596e-01
2.572572572572572724e+01 -1.890437229182221623e-01 2.866991698779647879e-01
2.582582582582582731e+01 -1.528359928079029983e-01 2.579472503369325542e-01
2.592592592592592737e+01 -1.167723220414046692e-01 2.293091795645595676e-01
2.602602602602602744e+01 -8.085227924306948033e-02 2.007846171976710170e-01
2.612612612612612750e+01 -4.507543418644353872e-02 1.723732237791013866e-01
2.622622622622622757e+01 -9.441357791409109301e-03 1.440746607554318492e-01
2.632632632632632763e+01 2.605037787868712956e-02 1.158885904747311846e-01
2.642642642642642770e+01 6.140019961988753272e-02 8.781467618431225419e-02
2.652652652652652776e+01 9.660853309047101600e-02 5.985258202847354436e-02
2.662662662662662783e+01 1.316758028138032555e-01 3.200197304626647282e-02
2.672672672672672789e+01 1.666024321811695463e-01 4.262515169257876518e-03
2.682682682682682795e+01 2.013888434546066974e-01 -2.336612478070015583e-02
2.692692692692692802e+01 2.360354577697220679e-01 -5.088427909369692970e-02
2.702702702702702808e+01 2.705426951385168644e-01 -7.829227917397502123e-02
2.712712712712712815e+01 3.049109744521926180e-01 -1.055904555421555840e-01
2.722722722722722821e+01 3.391407134839501958e-01 -1.327791378374398590e-01
2.732732732732732828e+01 3.732323288917939741e-01 -1.598586548198144275e-01
2.742742742742742834e+01 4.071862362213172770e-01 -1.868293343722493005e-01
2.752752752752752841e+01 4.239966050390913677e-01 -2.136915035028910115e-01
2.762762762762762847e+01 3.885870586695031048e-01 -2.404454883472521842e-01
2.772772772772772854e+01 3.533174396423314767e-01 -2.670916141703862379e-01
2.782782782782782860e+01 3.181873299161032675e-01 -2.936302053690760805e-01
2.792792792792792866e+01 2.831963125617386612e-01 -3.200615854739981558e-01
2.802802802802802873e+01 2.483439717597777929e-01 -3.271256871104307740e-01
2.812812812812812879e+01 2.136298927976133244e-01 -2.995608832838786983e-01
2.822822822822822886e+01 1.790536620667197709e-01 -2.721050186021037876e-01
2.832832832832832892e+01 1.446148670598992603e-01 -2.447577675908780837e-01
2.842842842842842899e+01 1.103130963685347021e-01 -2.175188056420617744e-01
2.852852852852852905e+01 7.614793967983822520e-02 -1.903878090114485555e-01
2.862862862862862912e+01 4.211898777411843264e-02 -1.633644548166068300e-01
2.872872872872872918e+01 8.225832522047053785e-03 -1.364484210347273463e-01
2.882882882882882924e+01 -2.553193311806071022e-02 -1.096393865004746809e-01
2.892892892892892931e+01 -5.915471510297142660e-02 -8.293703090385283472e-02
2.902902902902902937e+01 -9.264291830724111221e-02 -5.634103478805753407e-02
2.912912912912912944e+01 -1.259969465259166421e-01 -2.985107954735221128e-02
2.922922922922922950e+01 -1.592172024772412486e-01 -3.466847424939813703e-03
2.932932932932932957e+01 -1.923040878053428326e-01 2.281197848915846732e-02
2.942942942942942963e+01 -2.252580030829161029e-01 4.898571426021933184e-02
2.952952952952952970e+01 -2.580793478139083996e-01 7.505467511093032174e-02
2.962962962962962976e+01 -2.907685204361891151e-01 1.010191754234883582e-01
2.972972972972972983e+01 -3.233259183242118695e-01 1.268795287417119333e-01
2.982982982982982989e+01 -3.557519377916816827e-01 1.526360477731295018e-01
2.992992992992993351e+01 -3.880469740942048551e-01 1.782890443910722933e-01
3.003003003003003357e+01 -4.025647475660231178e-01 2.038388296367601715e-01
3.013013013013013364e+01 -3.688851205469325101e-01 2.292857137213842877e-01
3.023023023023023370e+01 -3.353385876454846870e-01 2.546300060281756483e-01
3.033033033033033377e+01 -3.019247512319780391e-01 2.798720151144870050e-01
3.043043043043043383e+01 -2.686432147347930788e-01 3.050120487138514580e-01
3.053053053053053389e+01 -2.354935826377541896e-01 3.105851681750029236e-01
3.063063063063063396e+01 -2.024754604774985645e-01 2.843670321618053110e-01
3.073073073073073402e+01 -1.695884548408389814e-01 2.582525153488661740e-01
3.083083083083083409e+01 -1.368321733621467307e-01 2.322413081539350665e-01
3.093093093093093415e+01 -1.042062247207323628e-01 2.063331018185640131e-01
3.103103103103103422e+01 -7.171021863824007803e-02 1.805275884060582314e-01
3.113113113113113428e+01 -3.934376587603703040e-02 1.548244607994226363e-01
3.123123123123123435e+01 -7.106478232619024143e-03 1.292234126993145882e-01
3.133133133133133441e+01 2.500203145897735013e-02 1.037241386220002504e-01
3.143143143143143448e+01 5.698214933376712088e-02 7.832633389732439333e-02
3.153153153153153454e+01 8.883426049739222286e-02 5.302969466666754284e-02
3.163163163163163460e+01 1.205587490286910007e-01 2.783391788092568278e-02
3.173173173173173467e+01 1.521559979822718900e-01 2.738701298485939593e-03
3.183183183183183473e+01 1.836263893910702605e-01 -2.225625651679114317e-02
3.193193193193193480e+01 2.149703042688995147e-01 -4.715125619758429171e-02
3.203203203203203486e+01 2.461881226130072653e-01 -7.194659757512145148e-02
3.213213213213213493e+01 2.772802234066082394e-01 -9.664257968117598296e-02
3.223223223223223499e+01 3.082469846214285769e-01 -1.212395007500753352e-01
3.233233233233233506e+01 3.390887832202307828e-01 -1.457376582206878768e-01
3.243243243243243512e+01 3.698059951593389294e-01 -1.701373487384132133e-01
3.253253253253253519e+01 3.822149362118205662e-01 -1.944388681571664890e-01
3.263263263263263525e+01 3.501807140802067897e-01 -2.186425115413593023e-01
3.273273273273273531e+01 3.182730865357339956e-01 -2.427485731678669933e-01
3.283283283283283538e+01 2.864916753638188096e-01 -2.667573465280093092e-01
3.293293293293293544e+01 2.548361033563064093e-01 -2.906691243295083105e-01
3.303303303303303551e+01 2.233059943089555632e-01 -2.948799887219227811e-01
3.313313313313313557e+01 1.919009730189314977e-01 -2.699427296352603922e-01
3.323323323323323564e+01 1.606206652823036485e-01 -2.451040295989645179e-01
3.333333333333333570e+01 1.294646978915592050e-01 -2.203635941468020387e-01
3.343343343343343577e+01 9.843269863310141754e-02 -1.957211295961217290e-01
3.353353353353353583e+01 6.752429628477570056e-02 -1.711763430459045665e-01
3.363363363363363590e+01 3.673912061339051210e-02 -1.467289423748101562e-01
3.373373373373373596e+01 6.076802372246525343e-03 -1.223786362392300792e-01
3.383383383383383602e+01 -2.446302670132825471e-02 -9.812513407134516863e-02
3.393393393393393609e+01 -5.488073388843975331e-02 -7.396814607718635304e-02
3.403403403403403615e+01 -8.517668549107214326e-02 -4.990738323470822468e-02
3.413413413413413622e+01 -1.153512468345482406e-01 -2.594255729185055911e-02
3.423423423423423628e+01 -1.454047822699620907e-01 -2.073380764621259205e-03
3.433433433433433635e+01 -1.753376551766166747e-01 2.170043306482451195e-02
3.443443443443443641e+01 -2.051502279644535354e-01 4.537917015009888116e-02
3.453453453453453648e+01 -2.348428620764786701e-01 6.896311568249295643e-02
3.463463463463463654e+01 -2.644159179911723667e-01 9.245255409287544968e-02
3.473473473473473661e+01 -2.938697552249137090e-01 1.158477690536036248e-01
3.483483483483483667e+01 -3.232047323343786305e-01 1.391490434804128484e-01
3.493493493493493673e+01 -3.524212069189427976e-01 1.623566595343099439e-01
3.503503503503503680e+01 -3.628926010154983062e-01 1.854708986234603618e-01
3.513513513513513686e+01 -3.324233982229709561e-01 2.084920414050724369e-01
3.523523523523523693e+01 -3.020746078856967887e-01 2.314203677872691267e-01
3.533533533533533699e+01 -2.718458702562308593e-01 2.542561569309712000e-01
3.543543543543543706e+01 -2.417368265444189701e-01 2.769996872517598852e-01
3.553553553553553712e+01 -2.117471189150059163e-01 2.799680091373409341e-01
3.563563563563563719e+01 -1.818763904852506996e-01 2.562490502740427667e-01
3.573573573573573725e+01 -1.521242853225482361e-01 2.326238374190164049e-01
3.583583583583583732e+01 -1.224904484420541451e-01 2.090920904839697059e-01
3.593593593593593738e+01 -9.297452580432624680e-02 1.856535301259447657e-01
3.603603603603603744e+01 -6.357616431295003145e-02 1.623078777454471100e-01
3.613613613613613751e+01 -3.429501181219140465e-02 1.390548554845959517e-01
3.623623623623623757e+01 -5.130717084644290625e-03 1.158941862252705485e-01
3.633633633633633764e+01 2.391707015111388043e-02 9.282559358726261145e-02
3.643643643643643770e+01 5.284869924286340198e-02 6.984880192643182217e-02
3.653653653653653777e+01 8.166451860706705479e-02 4.696353633287331242e-02
3.663663663663663783e+01 1.103648757312105516e-01 2.416952262907385435e-02
3.673673673673673790e+01 1.389501171761163001e-01 1.466487368088442364e-03
3.683683683683683796e+01 1.674205885782620862e-01 -2.114584216828676103e-02
3.693693693693693803e+01 1.957766346520921075e-01 -4.366773797133566282e-02
3.703703703703703809e+01 2.240185991923245024e-01 -6.609947130724042053e-02
3.713713713713713815e+01 2.521468250762431418e-01 -8.844131271888740209e-02
3.723723723723723822e+01 2.801616542660044784e-01 -1.106935320276849627e-01
3.733733733733733828e+01 3.080634278109178892e-01 -1.328563983353605871e-01
3.743743743743743835e+01 3.358524858497316523e-01 -1.549301800257619488e-01
3.753753753753753841e+01 3.445459212623666612e-01 -1.769151447666518218e-01
3.763763763763763848e+01 3.155652794591100596e-01 -1.988115595114989254e-01
3.773773773773773854e+01 2.866991698779647879e-01 -2.206196905012657028e-01
3.783783783783783861e+01 2.579472503369325542e-01 -2.423398032661847334e-01
3.793793793793793867e+01 2.293091795645595676e-01 -2.639721626275451927e-01
3.803803803803803874e+01 2.007846171976710170e-01 -2.658092133586859585e-01
3.813813813813813880e+01 1.723732237791013866e-01 -2.432490351718719357e-01
3.823823823823823886e+01 1.440746607554318492e-01 -2.207780249917481452e-01
3.833833833833833893e+01 1.158885904747311846e-01 -1.983959164059344027e-01
3.843843843843843899e+01 8.781467618431225419e-02 -1.761024437109947882e-01
3.853853853853853906e+01 5.985258202847354436e-02 -1.538973419106583751e-01
3.863863863863863912e+01 3.200197304626647282e-02 -1.317803467140594154e-01
3.873873873873873919e+01 4.262515169257876518e-03 -1.097511945339745276e-01
3.883883883883883925e+01 -2.336612478070015583e-02 -8.780962248506524181e-02
3.893893893893893932e+01 -5.088427909369692970e-02 -6.595536838212331943e-02
3.903903903903903938e+01 -7.829227917397502123e-02 -4.418817073832808501e-02
3.913913913913913944e+01 -1.055904555421555840e-01 -2.250776876349236746e-02
3.923923923923923951e+01 -1.327791378374398590e-01 -9.139023623281815291e-04
3.933933933933933957e+01 -1.598586548198144275e-01 2.059368786729116538e-02
3.943943943943943964e+01 -1.868293343722493005e-01 4.201526063606326328e-02
3.953953953953953970e+01 -2.136915035028910115e-01 6.335107396498464161e-02
3.963963963963963977e+01 -2.404454883472521842e-01 8.460138518707617517e-02
3.973973973973973983e+01 -2.670916141703862379e-01 1.057664509490967159e-01
3.983983983983983990e+01 -2.936302053690760805e-01 1.268465272132679733e-01
3.993993993993993996e+01 -3.200615854739981558e-01 1.478418692589796857e-01
4.004004004004004003e+01 -3.271256871104307740e-01 1.687527316844988079e-01
4.014014014014014009e+01 -2.995608832838786983e-01 1.895793684086727604e-01
4.024024024024024015e+01 -2.721050186021037876e-01 2.103220326726298883e-01
4.034034034034034022e+01 -2.447577675908780837e-01 2.309809770414688879e-01
4.044044044044044028e+01 -2.175188056420617744e-01 2.515564534059588353e-01
4.054054054054054035e+01 -1.903878090114485555e-01 2.523656019672727013e-01
4.064064064064064041e+01 -1.633644548166068300e-01 2.309075927104851655e-01
4.074074074074074048e+01 -1.364484210347273463e-01 2.095343970213344176e-01
4.084084084084084054e+01 -1.096393865004746809e-01 1.882457614955963254e-01
4.094094094094094061e+01 -8.293703090385283472e-02 1.670414334033781534e-01
4.104104104104104067e+01 -5.634103478805753407e-02 1.459211606874254441e-01
4.114114114114114074e+01 -2.985107954735221128e-02 1.248846919614488155e-01
4.124124124124124080e+01 -3.466847424939813703e-03 1.039317765084465661e-01
4.134134134134134086e+01 2.281197848915846732e-02 8.306216427903344302e-02
4.144144144144144093e+01 4.898571426021933184e-02 6.227560588977297529e-02
4.154154154154154099e+01 7.505467511093032174e-02 4.157185262151240346e-02
4.164164164164164106e+01 1.010191754234883582e-01 2.095065641772918610e-02
4.174174174174174112e+01 1.268795287417119333e-01 4.117698828665040055e-04
4.184184184184184119e+01 1.526360477731295018e-01 -2.004505371931238414e-02
4.194194194194194125e+01 1.782890443910722933e-01 -4.042006046737324498e-02
4.204204204204204132e+01 2.038388296367601715e-01 -6.071349578385457080e-02
4.214214214214214138e+01 2.292857137213842877e-01 -8.092560443690870187e-02
4.224224224224224145e+01 2.546300060281756483e-01 -1.010566305419318828e-01
4.234234234234234151e+01 2.798720151144870050e-01 -1.211068175632046690e-01
4.244244244244244157e+01 3.050120487138514580e-01 -1.410764083155143511e-01
4.254254254254254164e+01 3.105851681750029236e-01 -1.609656449657802246e-01
4.264264264264264170e+01 2.843670321618053110e-01 -1.807747690346737379e-01
4.274274274274274887e+01 2.582525153488661740e-01 -2.005040213982363095e-01
4.284284284284284894e+01 2.322413081539350665e-01 -2.201536422894858347e-01
4.294294294294294900e+01 2.063331018185640131e-01 -2.397238713000339749e-01
4.304304304304304907e+01 1.805275884060582314e-01 -2.396010906580477717e-01
4.314314314314314913e+01 1.548244607994226363e-01 -2.191914043260855538e-01
4.324324324324324920e+01 1.292234126993145882e-01 -1.988623897677644359e-01
4.334334334334334926e+01 1.037241386220002504e-01 -1.786138059518670995e-01
4.344344344344344933e+01 7.832633389732439333e-02 -1.584454124885782966e-01
4.354354354354354939e+01 5.302969466666754284e-02 -1.383569696278892092e-01
4.364364364364364945e+01 2.783391788092568278e-02 -1.183482382579910674e-01
4.374374374374374952e+01 2.738701298485939593e-03 -9.841897990368747573e-02
4.384384384384384958e+01 -2.225625651679114317e-02 -7.856895672480281034e-02
4.394394394394394965e+01 -4.715125619758429171e-02 -5.879793151459616202e-02
4.404404404404404971e+01 -7.194659757512145148e-02 -3.910566769817767213e-02
4.414414414414414978e+01 -9.664257968117598296e-02 -1.949192933093552016e-02
4.424424424424424984e+01 -1.212395007500753352e-01 4.351890304711990336e-05
4.434434434434434991e+01 -1.457376582206878768e-01 1.950091169255739956e-02
4.444444444444444997e+01 -1.701373487384132133e-01 3.888048310082151821e-02
4.454454454454455004e+01 -1.944388681571664890e-01 5.818246656706800579e-02
4.464464464464465010e+01 -2.186425115413593023e-01 7.740709490808880822e-02
4.474474474474475016e+01 -2.427485731678669933e-01 9.655460031978983781e-02
4.484484484484485023e+01 -2.667573465280093092e-01 1.156252143787511871e-01
4.494494494494495029e+01 -2.906691243295083105e-01 1.346191680437703320e-01
4.504504504504505036e+01 -2.948799887219227811e-01 1.535366916574079921e-01
4.514514514514515042e+01 -2.699427296352603922e-01 1.723780149475295231e-01
4.524524524524525049e+01 -2.451040295989645179e-01 1.911433670288418263e-01
4.534534534534535055e+01 -2.203635941468020387e-01 2.098329764044289392e-01
4.544544544544545062e+01 -1.957211295961217290e-01 2.284470709672759003e-01
4.554554554554555068e+01 -1.711763430459045665e-01 2.274814138162522259e-01
4.564564564564565075e+01 -1.467289423748101562e-01 2.080688350262298314e-01
4.574574574574575081e+01 -1.223786362392300792e-01 1.887329884765856780e-01
4.584584584584585087e+01 -9.812513407134516863e-02 1.694736449049689953e-01
4.594594594594595094e+01 -7.396814607718635304e-02 1.502905756591155773e-01
4.604604604604605100e+01 -4.990738323470822468e-02 1.311835526953298303e-01
4.614614614614615107e+01 -2.594255729185055911e-02 1.121523485769571754e-01
4.624624624624625113e+01 -2.073380764621259205e-03 9.319673647287357587e-02
4.634634634634635120e+01 2.170043306482451195e-02 7.431649015597158181e-02
4.644644644644645126e+01 4.537917015009888116e-02 5.551138400165205739e-02
4.654654654654655133e+01 6.896311568249295643e-02 3.678119298631746248e-02
4.664664664664665139e+01 9.245255409287544968e-02 1.812569268587588267e-02
4.674674674674675146e+01 1.158477690536036248e-01 -4.553407257648330931e-04
4.684684684684685152e+01 1.391490434804128484e-01 -1.896213047818599839e-02
4.694694694694695158e+01 1.623566595343099439e-01 -3.739489920595009953e-02
4.704704704704705165e+01 1.854708986234603618e-01 -5.575386895008788146e-02
4.714714714714715171e+01 2.084920414050724369e-01 -7.403926115958191223e-02
4.724724724724725178e+01 2.314203677872691267e-01 -9.225129669284777567e-02
4.734734734734735184e+01 2.542561569309712000e-01 -1.103901958192053251e-01
4.744744744744745191e+01 2.769996872517598852e-01 -1.284561782203593183e-01
4.754754754754755197e+01 2.799680091373409341e-01 -1.464494629918637048e-01
4.764764764764765204e+01 2.562490502740427667e-01 -1.643702686445884797e-01
4.774774774774775210e+01 2.326238374190164049e-01 -1.822188131061822092e-01
4.784784784784785217e+01 2.090920904839697059e-01 -1.999953137225318478e-01
4.794794794794795223e+01 1.856535301259447657e-01 -2.176999872592132457e-01
4.804804804804805229e+01 1.623078777454471100e-01 -2.159740329443513018e-01
4.814814814814815236e+01 1.390548554845959517e-01 -1.975098484179244884e-01
4.824824824824825242e+01 1.158941862252705485e-01 -1.791186489821289529e-01
4.834834834834835249e+01 9.282559358726261145e-02 -1.608002165688404150e-01
4.844844844844845255e+01 6.984880192643182217e-02 -1.425543336902344582e-01
4.854854854854855262e+01 4.696353633287331242e-02 -1.243807834373428928e-01
4.864864864864865268e+01 2.416952262907385435e-02 -1.062793494786005016e-01
4.874874874874875275e+01 1.466487368088442364e-03 -8.824981605840816201e-02
4.884884884884885281e+01 -2.114584216828676103e-02 -7.029196799569344123e-02
4.894894894894895288e+01 -4.366773797133566282e-02 -5.240559068247520325e-02
4.904904904904905294e+01 -6.609947130724042053e-02 -3.459047008243098381e-02
4.914914914914915300e+01 -8.844131271888740209e-02 -1.684639272947380945e-02
4.924924924924925307e+01 -1.106935320276849627e-01 8.268542736800572630e-04
4.934934934934935313e+01 -1.328563983353605871e-01 1.842948325692745845e-02
4.944944944944945320e+01 -1.549301800257619488e-01 3.596170598419735215e-02
4.954954954954955326e+01 -1.769151447666518218e-01 5.342373365486547537e-02
4.964964964964965333e+01 -1.988115595114989254e-01 7.081577690516516199e-02
4.974974974974975339e+01 -2.206196905012657028e-01 8.813804580959662405e-02
4.984984984984985346e+01 -2.423398032661847334e-01 1.053907498823261901e-01
4.994994994994995352e+01 -2.639721626275451927e-01 1.225740980785946649e-01
5.005005005005005358e+01 -2.658092133586859585e-01 1.396882987961099720e-01
5.015015015015015365e+01 -2.432490351718719357e-01 1.567335598764427462e-01
5.025025025025025371e+01 -2.207780249917481452e-01 1.737100886064169292e-01
5.035035035035035378e+01 -1.983959164059344027e-01 1.906180917194990887e-01
5.045045045045045384e+01 -1.761024437109947882e-01 2.074577753971772187e-01
5.055055055055055391e+01 -1.538973419106583751e-01 2.050480496954675547e-01
5.065065065065065397e+01 -1.317803467140594154e-01 1.874859260197268562e-01
5.075075075075075404e+01 -1.097511945339745276e-01 1.699932232735145154e-01
5.085085085085085410e+01 -8.780962248506524181e-02 1.525697340363507404e-01
5.095095095095095417e+01 -6.595536838212331943e-02 1.352152514397230720e-01
5.105105105105105423e+01 -4.418817073832808501e-02 1.179295691657135936e-01
5.115115115115115429e+01 -2.250776876349236746e-02 1.007124814456161754e-01
5.125125125125125436e+01 -9.139023623281815291e-04 8.356378305857030397e-02
5.135135135135135442e+01 2.059368786729116538e-02 6.648326933019139962e-02
5.145145145145145449e+01 4.201526063606326328e-02 4.947073613120589464e-02
5.155155155155155455e+01 6.335107396498464161e-02 3.252597987608959323e-02
5.165165165165165462e+01 8.460138518707617517e-02 1.564879752170794322e-02
5.175175175175175468e+01 1.057664509490967159e-01 -1.161013434034208116e-03
5.185185185185185475e+01 1.268465272132679733e-01 -1.790365495355181885e-02
5.195195195195195481e+01 1.478418692589796857e-01 -3.457932846092347245e-02
5.205205205205205488e+01 1.687527316844988079e-01 -5.118823484323922757e-02
5.215215215215215494e+01 1.895793684086727604e-01 -6.773057445193800263e-02
5.225225225225225500e+01 2.103220326726298883e-01 -8.420654710415378941e-02
5.235235235235235507e+01 2.309809770414688879e-01 -1.006163520840466369e-01
5.245245245245245513e+01 2.515564534059588353e-01 -1.169601881441363067e-01
5.255255255255255520e+01 2.523656019672727013e-01 -1.332382535066318485e-01
5.265265265265265526e+01 2.309075927104851655e-01 -1.494507458647575671e-01
5.275275275275275533e+01 2.095343970213344176e-01 -1.655978623840760333e-01
5.285285285285285539e+01 1.882457614955963254e-01 -1.816797997038081813e-01
5.295295295295295546e+01 1.670414334033781534e-01 -1.976967539381495054e-01
5.305305305305305552e+01 1.459211606874254441e-01 -1.946741232817955913e-01
5.315315315315315559e+01 1.248846919614488155e-01 -1.779699906420883493e-01
5.325325325325325565e+01 1.039317765084465661e-01 -1.613318888233661874e-01
5.335335335335335571e+01 8.306216427903344302e-02 -1.447596205329044761e-01
5.345345345345345578e+01 6.227560588977297529e-02 -1.282529890029908692e-01
5.355355355355355584e+01 4.157185262151240346e-02 -1.118117979896242065e-01
5.365365365365365591e+01 2.095065641772918610e-02 -9.543585177120436636e-02
5.375375375375375597e+01 4.117698828665040055e-04 -7.912495514722762968e-02
5.385385385385385604e+01 -2.004505371931238414e-02 -6.287891343698541469e-02
5.395395395395395610e+01 -4.042006046737324498e-02 -4.669753247826565618e-02
5.405405405405405617e+01 -6.071349578385457080e-02 -3.058061862605793851e-02
5.415415415415415623e+01 -8.092560443690870187e-02 -1.452797875126114920e-02
5.425425425425425630e+01 -1.010566305419318828e-01 1.460579760605464940e-03
5.435435435435435636e+01 -1.211068175632046690e-01 1.738524901068810163e-02
5.445445445445445642e+01 -1.410764083155143511e-01 3.324622058808362340e-02
5.455455455455455649e+01 -1.609656449657802246e-01 4.904368557111024596e-02
5.465465465465465655e+01 -1.807747690346737379e-01 6.477783452859769975e-02
5.475475475475475662e+01 -2.005040213982363095e-01 8.044885752115188415e-02
5.485485485485485668e+01 -2.201536422894858347e-01 9.605694410242757164e-02
5.495495495495495675e+01 -2.397238713000339749e-01 1.116022833203960674e-01
5.505505505505505681e+01 -2.396010906580477717e-01 1.270850637186095589e-01
5.515515515515515688e+01 -2.191914043260855538e-01 1.425054733374625793e-01
5.525525525525525694e+01 -1.988623897677644359e-01 1.578636997154504729e-01
5.535535535535535701e+01 -1.786138059518670995e-01 1.731599298904245576e-01
5.545545545545545707e+01 -1.584454124885782966e-01 1.883943504008449010e-01
5.555555555555555713e+01 -1.383569696278892092e-01 1.848243920380958638e-01
5.565565565565565720e+01 -1.183482382579910674e-01 1.689363336310210351e-01
5.575575575575575726e+01 -9.841897990368747573e-02 1.531110814892558403e-01
5.585585585585585733e+01 -7.856895672480281034e-02 1.373484479533164937e-01
5.595595595595595739e+01 -5.879793151459616202e-02 1.216482458630986918e-01
5.605605605605605746e+01 -3.910566769817767213e-02 1.060102885566397701e-01
5.615615615615615752e+01 -1.949192933093552016e-02 9.043438986887247788e-02
5.625625625625625759e+01 4.351890304711990336e-05 7.492036413038431764e-02
5.635635635635635765e+01 1.950091169255739956e-02 5.946802616617933440e-02
5.645645645645645772e+01 3.888048310082151821e-02 4.407719129444351291e-02
5.655655655655655778e+01 5.818246656706800579e-02 2.874767532531256539e-02
5.665665665665665784e+01 7.740709490808880822e-02 1.347929455964299271e-02
5.675675675675675791e+01 9.655460031978983781e-02 -1.728134212213991482e-03
5.685685685685685797e+01 1.156252143787511871e-01 -1.687479371163557937e-02
5.695695695695695804e+01 1.346191680437703320e-01 -3.196086617294971455e-02
5.705705705705705810e+01 1.535366916574079921e-01 -4.698653334464381048e-02
5.715715715715715817e+01 1.723780149475295231e-01 -6.195197649059194095e-02
5.725725725725725823e+01 1.911433670288418263e-01 -7.685737639125765630e-02
5.735735735735735830e+01 2.098329764044289392e-01 -9.170291334490476842e-02
5.745745745745745836e+01 2.284470709672759003e-01 -1.064887671688027893e-01
5.755755755755755843e+01 2.274814138162522259e-01 -1.212151172004298783e-01
5.765765765765765849e+01 2.080688350262298314e-01 -1.358821422986725425e-01
5.775775775775775855e+01 1.887329884765856780e-01 -1.504900208450225818e-01
5.785785785785785862e+01 1.694736449049689953e-01 -1.650389307447714116e-01
5.795795795795795868e+01 1.502905756591155773e-01 -1.795290494282009153e-01
5.805805805805805875e+01 1.311835526953298303e-01 -1.754723989314331545e-01
5.815815815815815881e+01 1.121523485769571754e-01 -1.603605457805073187e-01
5.825825825825825888e+01 9.319673647287357587e-02 -1.453084318074587822e-01
5.835835835835835894e+01 7.431649015597158181e-02 -1.303158785156810773e-01
5.845845845845845901e+01 5.551138400165205739e-02 -1.153827078835658049e-01
5.855855855855855907e+01 3.678119298631746248e-02 -1.005087423633249377e-01
5.865865865865865914e+01 1.812569268587588267e-02 -8.569380487980580996e-02
5.875875875875875920e+01 -4.553407257648330931e-04 -7.093771882931058925e-02
5.885885885885885926e+01 -1.896213047818599839e-02 -5.624030807841899626e-02
5.895895895895895933e+01 -3.739489920595009953e-02 -4.160139696281356381e-02
5.905905905905905939e+01 -5.575386895008788146e-02 -2.702081028610779992e-02
5.915915915915915946e+01 -7.403926115958191223e-02 -1.249837331867723403e-02
5.925925925925925952e+01 -9.225129669284777567e-02 1.966088203506849343e-03
5.935935935935935959e+01 -1.103901958192053251e-01 1.637274808004083454e-02
5.945945945945945965e+01 -1.284561782203593183e-01 3.072177964724933513e-02
5.955955955955955972e+01 -1.464494629918637048e-01 4.501335577934511417e-02
5.965965965965965978e+01 -1.643702686445884797e-01 5.924764888957595454e-02
5.975975975975975985e+01 -1.822188131061822092e-01 7.342483093138928163e-02
5.985985985985986702e+01 -1.999953137225318478e-01 8.754507339957337542e-02
5.995995995995996708e+01 -2.176999872592132457e-01 1.016085473314063542e-01
6.006006006006006714e+01 -2.159740329443513018e-01 1.156154233077999610e-01
6.016016016016016721e+01 -1.975098484179244884e-01 1.295658714544410672e-01
6.026026026026026727e+01 -1.791186489821289529e-01 1.434600614429301368e-01
6.036036036036036734e+01 -1.608002165688404150e-01 1.572981624919168042e-01
6.046046046046046740e+01 -1.425543336902344582e-01 1.710803433682332730e-01
6.056056056056056747e+01 -1.243807834373428928e-01 1.665930208187713646e-01
6.066066066066066753e+01 -1.062793494786005016e-01 1.522194517288209537e-01
6.076076076076076760e+01 -8.824981605840816201e-02 1.379027045077417524e-01
6.086086086086086766e+01 -7.029196799569344123e-02 1.236426093744075194e-01
6.096096096096096772e+01 -5.240559068247520325e-02 1.094389969994988970e-01
6.106106106106106779e+01 -3.459047008243098381e-02 9.529169850438336253e-02
6.116116116116116785e+01 -1.684639272947380945e-02 8.120054545998783846e-02
6.126126126126126792e+01 8.268542736800572630e-04 6.716536988567599342e-02
6.136136136136136798e+01 1.842948325692745845e-02 5.318600424812840871e-02
6.146146146146146805e+01 3.596170598419735215e-02 3.926228146022507637e-02
6.156156156156156811e+01 5.342373365486547537e-02 2.539403487993091221e-02
6.166166166166166818e+01 7.081577690516516199e-02 1.158109830918375993e-02
6.176176176176176824e+01 8.813804580959662405e-02 -2.176694007214861372e-03
6.186186186186186831e+01 1.053907498823261901e-01 -1.587950738270638151e-02
6.196196196196196837e+01 1.225740980785946649e-01 -2.952750669007912776e-02
6.206206206206206843e+01 1.396882987961099720e-01 -4.312085636257157600e-02
6.216216216216216850e+01 1.567335598764427462e-01 -5.665972039496334350e-02
6.226226226226226856e+01 1.737100886064169292e-01 -7.014426234468268406e-02
6.236236236236236863e+01 1.906180917194990887e-01 -8.357464533289231390e-02
6.246246246246246869e+01 2.074577753971772187e-01 -9.695103204558196131e-02
6.256256256256256876e+01 2.050480496954675547e-01 -1.102735847346567322e-01
6.266266266266266882e+01 1.874859260197268562e-01 -1.235424652190224709e-01
6.276276276276276889e+01 1.699932232735145154e-01 -1.367578348856687276e-01
6.286286286286286895e+01 1.525697340363507404e-01 -1.499198546907492824e-01
6.296296296296296902e+01 1.352152514397230720e-01 -1.630286851606595477e-01
6.306306306306306908e+01 1.179295691657135936e-01 -1.581624012640421295e-01
6.316316316316316914e+01 1.007124814456161754e-01 -1.444910476632731144e-01
6.326326326326326921e+01 8.356378305857030397e-02 -1.308737410865054296e-01
6.336336336336336927e+01 6.648326933019139962e-02 -1.173103200425353043e-01
6.346346346346346934e+01 4.947073613120589464e-02 -1.038006234699184599e-01
6.356356356356356940e+01 3.252597987608959323e-02 -9.034449073588560197e-02
6.366366366366366947e+01 1.564879752170794322e-02 -7.694176163527972900e-02
6.376376376376376953e+01 -1.161013434034208116e-03 -6.359227638948626582e-02
6.386386386386386960e+01 -1.790365495355181885e-02 -5.029587564536775607e-02
6.396396396396396966e+01 -3.457932846092347245e-02 -3.705240047420121224e-02
6.406406406406406973e+01 -5.118823484323922757e-02 -2.386169237061779719e-02
6.416416416416416268e+01 -6.773057445193800263e-02 -1.072359325154524298e-02
6.426426426426426985e+01 -8.420654710415378941e-02 2.362054544847289831e-03
6.436436436436436281e+01 -1.006163520840466369e-01 1.539540826020180907e-02
6.446446446446446998e+01 -1.169601881441363067e-01 2.837662471702154590e-02
6.456456456456456294e+01 -1.332382535066318485e-01 4.130586031972035416e-02
6.466466466466467011e+01 -1.494507458647575671e-01 5.418327105566028701e-02
6.476476476476476307e+01 -1.655978623840760333e-01 6.700901249620534739e-02
6.486486486486487024e+01 -1.816797997038081813e-01 7.978323979775395203e-02
6.496496496496496320e+01 -1.976967539381495054e-01 9.250610770277843675e-02
6.506506506506507037e+01 -1.946741232817955913e-01 1.051777705408600549e-01
6.516516516516516333e+01 -1.779699906420883493e-01 1.177983822297213878e-01
6.526526526526527050e+01 -1.613318888233661874e-01 1.303680962762567008e-01
6.536536536536536346e+01 -1.447596205329044761e-01 1.428870657775592468e-01
6.546546546546547063e+01 -1.282529890029908692e-01 1.553554434219465707e-01
6.556556556556556359e+01 -1.118117979896242065e-01 1.501578867357425962e-01
6.566566566566567076e+01 -9.543585177120436636e-02 1.371544421667019453e-01
6.576576576576576372e+01 -7.912495514722762968e-02 1.242024052838197612e-01
6.586586586586587089e+01 -6.287891343698541469e-02 1.113016224810472188e-01
6.596596596596596385e+01 -4.669753247826565618e-02 9.845194056111263026e-02
6.606606606606607102e+01 -3.058061862605793851e-02 8.565320673448981181e-02
6.616616616616616398e+01 -1.452797875126114920e-02 7.290526861838717010e-02
6.626626626626627115e+01 1.460579760605464940e-03 6.020797423573024526e-02
6.636636636636636410e+01 1.738524901068810163e-02 4.756117201414836182e-02
6.646646646646647127e+01 3.324622058808362340e-02 3.496471078496374979e-02
6.656656656656656423e+01 4.904368557111024596e-02 2.241843978218316727e-02
6.666666666666667140e+01 6.477783452859769975e-02 9.922208641491845824e-03
6.676676676676676436e+01 8.044885752115188415e-02 -2.524132600750165871e-03
6.686686686686687153e+01 9.605694410242757164e-02 -1.492073350850908232e-02
6.696696696696696449e+01 1.116022833203960674e-01 -2.726774324707629746e-02
6.706706706706707166e+01 1.270850637186095589e-01 -3.956531058406472651e-02
6.716716716716716462e+01 1.425054733374625793e-01 -5.181358389040457285e-02
6.726726726726727179e+01 1.578636997154504729e-01 -6.401271114132796314e-02
6.736736736736736475e+01 1.731599298904245576e-01 -7.616283991736869097e-02
6.746746746746747192e+01 1.883943504008449010e-01 -8.826411740534208239e-02
6.756756756756756488e+01 1.848243920380958638e-01 -1.003166903993312070e-01
6.766766766766767205e+01 1.689363336310210351e-01 -1.123207053016691687e-01
6.776776776776776501e+01 1.531110814892558403e-01 -1.242763081239185996e-01
6.786786786786787218e+01 1.373484479533164937e-01 -1.361836444878494201e-01
6.796796796796796514e+01 1.216482458630986918e-01 -1.480428596264137808e-01
6.806806806806807231e+01 1.060102885566397701e-01 -1.425579660151122530e-01
6.816816816816816527e+01 9.043438986887247788e-02 -1.301898000474225325e-01
6.826826826826827244e+01 7.492036413038431764e-02 -1.178705313177160208e-01
6.836836836836837961e+01 5.946802616617933440e-02 -1.056000137200892308e-01
6.846846846846847257e+01 4.407719129444351291e-02 -9.337810153745794428e-02
6.856856856856857974e+01 2.874767532531256539e-02 -8.120464944057564916e-02
6.866866866866867269e+01 1.347929455964299271e-02 -6.907951248707226710e-02
6.876876876876877986e+01 -1.728134212213991482e-03 -5.700254612048623326e-02
6.886886886886887282e+01 -1.687479371163557937e-02 -4.497360616930062144e-02
6.896896896896897999e+01 -3.196086617294971455e-02 -3.299254884598167015e-02
6.906906906906907295e+01 -4.698653334464381048e-02 -2.105923074601958114e-02
6.916916916916918012e+01 -6.195197649059194095e-02 -9.173508846971586972e-03
6.926926926926927308e+01 -7.685737639125765630e-02 2.664759492492621822e-03
6.936936936936938025e+01 -9.170291334490476842e-02 1.445571653354325165e-02
6.946946946946947321e+01 -1.064887671688027893e-01 2.619950415814042630e-02
6.956956956956958038e+01 -1.212151172004298783e-01 3.789626386998191931e-02
6.966966966966967334e+01 -1.358821422986725425e-01 4.954613679545032123e-02
6.976976976976978051e+01 -1.504900208450225818e-01 6.114926368454963457e-02
6.986986986986987347e+01 -1.650389307447714116e-01 7.270578491185614167e-02
6.996996996996998064e+01 -1.795290494282009153e-01 8.421584047745041268e-02
7.007007007007007360e+01 -1.754723989314331545e-01 9.567957000785556887e-02
7.017017017017018077e+01 -1.603605457805073187e-01 1.070971127569712161e-01
7.027027027027027373e+01 -1.453084318074587822e-01 1.184686076070056715e-01
7.037037037037038090e+01 -1.303158785156810773e-01 1.297941930694055113e-01
7.047047047047047386e+01 -1.153827078835658049e-01 1.410740072857829264e-01
7.057057057057058103e+01 -1.005087423633249377e-01 1.353422126534763736e-01
7.067067067067067399e+01 -8.569380487980580996e-02 1.235782890023201380e-01
7.077077077077078116e+01 -7.093771882931058925e-02 1.118608747364306932e-01
7.087087087087087411e+01 -5.624030807841899626e-02 1.001898308838409385e-01
7.097097097097098128e+01 -4.160139696281356381e-02 8.856501884241274603e-02
7.107107107107107424e+01 -2.702081028610779992e-02 7.698630037892002786e-02
7.117117117117118141e+01 -1.249837331867723403e-02 6.545353762811784160e-02
7.127127127127127437e+01 1.966088203506849343e-03 5.396659309182985642e-02
7.137137137137138154e+01 1.637274808004083454e-02 4.252532963803002525e-02
7.147147147147147450e+01 3.072177964724933513e-02 3.112961049992797602e-02
7.157157157157158167e+01 4.501335577934511417e-02 1.977929927505665472e-02
7.167167167167167463e+01 5.924764888957595454e-02 8.474259924362133323e-03
7.177177177177178180e+01 7.342483093138928163e-02 -2.785643228704391336e-03
7.187187187187187476e+01 8.754507339957337542e-02 -1.400054549909246493e-02
7.197197197197198193e+01 1.016085473314063542e-01 -2.517058184105593413e-02
7.207207207207207489e+01 1.156154233077999610e-01 -3.629588684905454832e-02
7.217217217217218206e+01 1.295658714544410672e-01 -4.737659475865468872e-02
7.227227227227227502e+01 1.434600614429301368e-01 -5.841283944742045597e-02
7.237237237237238219e+01 1.572981624919168042e-01 -6.940475443581792248e-02
7.247247247247247515e+01 1.710803433682332730e-01 -8.035247288810186406e-02
7.257257257257258232e+01 1.665930208187713646e-01 -9.125612761320787969e-02
7.267267267267267528e+01 1.522194517288209537e-01 -1.021158510656410973e-01
7.277277277277278245e+01 1.379027045077417524e-01 -1.129317753463626728e-01
7.287287287287287540e+01 1.236426093744075194e-01 -1.237040322036739026e-01
7.297297297297298257e+01 1.094389969994988970e-01 -1.344327530340986288e-01
7.307307307307307553e+01 9.529169850438336253e-02 -1.284912303254499011e-01
7.317317317317318270e+01 8.120054545998783846e-02 -1.173020289703341906e-01
7.327327327327327566e+01 6.716536988567599342e-02 -1.061570657563908199e-01
7.337337337337338283e+01 5.318600424812840871e-02 -9.505620849725758548e-02
7.347347347347347579e+01 3.926228146022507637e-02 -8.399932535834492286e-02
7.357357357357358296e+01 2.539403487993091221e-02 -7.298628485596374282e-02
7.367367367367367592e+01 1.158109830918375993e-02 -6.201695585643974412e-02
7.377377377377378309e+01 -2.176694007214861372e-03 -5.109120757524569789e-02
7.387387387387387605e+01 -1.587950738270638151e-02 -4.020890957612786171e-02
7.397397397397398322e+01 -2.952750669007912776e-02 -2.936993177023601923e-02
7.407407407407407618e+01 -4.312085636257157600e-02 -1.857414441525563620e-02
7.417417417417418335e+01 -5.665972039496334350e-02 -7.821418114542148456e-03
7.427427427427427631e+01 -7.014426234468268406e-02 2.888376183742729156e-03
7.437437437437438348e+01 -8.357464533289231390e-02 1.355536718749259829e-02
7.447447447447447644e+01 -9.695103204558196131e-02 2.417968326151591699e-02
7.457457457457458361e+01 -1.102735847346567322e-01 3.476145242839347171e-02
7.467467467467467657e+01 -1.235424652190224709e-01 4.530080236933526489e-02
7.477477477477478374e+01 -1.367578348856687276e-01 5.579786042502795501e-02
7.487487487487487670e+01 -1.499198546907492824e-01 6.625275359649508700e-02
7.497497497497498387e+01 -1.630286851606595477e-01 7.666560854594037244e-02
7.507507507507507682e+01 -1.581624012640421295e-01 8.703655159759647597e-02
7.517517517517518399e+01 -1.444910476632731144e-01 9.736570873857020025e-02
7.527527527527527695e+01 -1.308737410865054296e-01 1.076532056196855408e-01
7.537537537537538412e+01 -1.173103200425353043e-01 1.178991675563250685e-01
7.547547547547547708e+01 -1.038006234699184599e-01 1.281037195292688280e-01
7.557557557557558425e+01 -9.034449073588560197e-02 1.219866009323985895e-01
7.567567567567567721e+01 -7.694176163527972900e-02 1.113440440407679616e-01
7.577577577577578438e+01 -6.359227638948626582e-02 1.007435649603618394e-01
7.587587587587587734e+01 -5.029587564536775607e-02 9.018503795910139120e-02
7.597597597597598451e+01 -3.705240047420121224e-02 7.966833763950538494e-02
7.607607607607607747e+01 -2.386169237061779719e-02 6.919333893786086542e-02
7.617617617617618464e+01 -1.072359325154524298e-02 5.875991712338076572e-02
7.627627627627627760e+01 2.362054544847289831e-03 4.836794779737834532e-02
7.637637637637638477e+01 1.539540826020180907e-02 3.801730689243641714e-02
7.647647647647647773e+01 2.837662471702154590e-02 2.770787067157975611e-02
7.657657657657658490e+01 4.130586031972035416e-02 1.743951572744969689e-02
7.667667667667667786e+01 5.418327105566028701e-02 7.212118981480664104e-03
7.677677677677678503e+01 6.700901249620534739e-02 -2.974442316921362302e-03
7.687687687687687799e+01 7.978323979775395203e-02 -1.312029059119836950e-02
7.697697697697698516e+01 9.250610770277843675e-02 -2.322554793845789389e-02
7.707707707707707812e+01 1.051777705408600549e-01 -3.329033613028860306e-02
7.717717717717718529e+01 1.177983822297213878e-01 -4.331477661357400338e-02
7.727727727727727824e+01 1.303680962762567008e-01 -5.329899051130549542e-02
7.737737737737738541e+01 1.428870657775592468e-01 -6.324309862338645116e-02
7.747747747747747837e+01 1.553554434219465707e-01 -7.314722142744864430e-02
7.757757757757758554e+01 1.501578867357425962e-01 -8.301147907965227002e-02
7.767767767767767850e+01 1.371544421667019453e-01 -9.283599141549142564e-02
7.777777777777778567e+01 1.242024052838197612e-01 -1.026208779505961427e-01
7.787787787787787863e+01 1.113016224810472188e-01 -1.123662578815323027e-01
7.797797797797798580e+01 9.845194056111263026e-02 -1.220722500865999843e-01
7.807807807807807876e+01 8.565320673448981181e-02 -1.158108353178677052e-01
7.817817817817818593e+01 7.290526861838717010e-02 -1.056882167876819767e-01
7.827827827827827889e+01 6.020797423573024526e-02 -9.560562123652895095e-02
7.837837837837838606e+01 4.756117201414836182e-02 -8.556292907146864635e-02
7.847847847847847902e+01 3.496471078496374979e-02 -7.556002101782263725e-02
7.857857857857858619e+01 2.241843978218316727e-02 -6.559677811838494910e-02
7.867867867867867915e+01 9.922208641491845824e-03 -5.567308173262070642e-02
7.877877877877878632e+01 -2.524132600750165871e-03 -4.578881353588118430e-02
7.887887887887887928e+01 -1.492073350850908232e-02 -3.594385551861327410e-02
7.897897897897898645e+01 -2.726774324707629746e-02 -2.613808998557246369e-02
7.907907907907907941e+01 -3.956531058406472651e-02 -1.637139955503777097e-02
7.917917917917918658e+01 -5.181358389040457285e-02 -6.643667158028345419e-03
7.927927927927927954e+01 -6.401271114132796314e-02 3.045223962477870520e-03
7.937937937937938671e+01 -7.616283991736869097e-02 1.269539025232364719e-02
7.947947947947947966e+01 -8.826411740534208239e-02 2.230694784695019112e-02
7.957957957957958683e+01 -1.003166903993312070e-01 3.188001257217288470e-02
7.967967967967967979e+01 -1.123207053016691687e-01 4.141469994495523138e-02
7.977977977977978696e+01 -1.242763081239185996e-01 5.091112517418226041e-02
7.987987987987987992e+01 -1.361836444878494201e-01 6.036940316142540286e-02
7.997997997997998709e+01 -1.480428596264137808e-01 6.978964850171882894e-02
8.008008008008008005e+01 -1.425579660151122530e-01 7.917197548432074183e-02
8.018018018018018722e+01 -1.301898000474225325e-01 8.851649809347932052e-02
8.028028028028028018e+01 -1.178705313177160208e-01 9.782333000919553323e-02
8.038038038038038735e+01 -1.056000137200892308e-01 1.070925846079842786e-01
8.048048048048048031e+01 -9.337810153745794428e-02 1.163243749636334035e-01
8.058058058058058748e+01 -8.120464944057564916e-02 1.099473264636368353e-01
8.068068068068068044e+01 -6.907951248707226710e-02 1.003192449081112825e-01
8.078078078078078761e+01 -5.700254612048623326e-02 9.072923184529596563e-02
8.088088088088088057e+01 -4.497360616930062144e-02 8.117717352163340838e-02
8.098098098098098774e+01 -3.299254884598167015e-02 7.166295648629017467e-02
8.108108108108108070e+01 -2.105923074601958114e-02 6.218646759039975908e-02
8.118118118118118787e+01 -9.173508846971586972e-03 5.274759398631386625e-02
8.128128128128128083e+01 2.664759492492621822e-03 4.334622312684209555e-02
8.138138138138138800e+01 1.445571653354325165e-02 3.398224276450700909e-02
8.148148148148148096e+01 2.619950415814042630e-02 2.465554095079406510e-02
8.158158158158158813e+01 3.789626386998191931e-02 1.536600603540478997e-02
8.168168168168168108e+01 4.954613679545032123e-02 6.113526665511790845e-03
8.178178178178178825e+01 6.114926368454963457e-02 -3.102008214984533063e-03
8.188188188188188121e+01 7.270578491185614167e-02 -1.228070936619744986e-02
8.198198198198198838e+01 8.421584047745041268e-02 -2.142268725299358717e-02
8.208208208208208134e+01 9.567957000785556887e-02 -3.052805204573082881e-02
8.218218218218218851e+01 1.070971127569712161e-01 -3.959691362099449635e-02
8.228228228228228147e+01 1.184686076070056715e-01 -4.862938156233295034e-02
8.238238238238238864e+01 1.297941930694055113e-01 -5.762556516098513854e-02
8.248248248248248160e+01 1.410740072857829264e-01 -6.658557341661912321e-02
8.258258258258258877e+01 1.353422126534763736e-01 -7.550951503805602982e-02
8.268268268268268173e+01 1.235782890023201380e-01 -8.439749844399870027e-02
8.278278278278278890e+01 1.118608747364306932e-01 -9.324963176375734852e-02
8.288288288288288186e+01 1.001898308838409385e-01 -1.020660228379732665e-01
8.298298298298298903e+01 8.856501884241274603e-02 -1.108467792193411905e-01
8.308308308308308199e+01 7.698630037892002786e-02 -1.043803050416584749e-01
8.318318318318318916e+01 6.545353762811784160e-02 -9.522260004800070510e-02
8.328328328328328212e+01 5.396659309182985642e-02 -8.610110450630155399e-02
8.338338338338338929e+01 4.252532963803002525e-02 -7.701571021726551225e-02
8.348348348348348225e+01 3.112961049992797602e-02 -6.796630926954105867e-02
8.358358358358358942e+01 1.977929927505665472e-02 -5.895279403900045845e-02
8.368368368368368237e+01 8.474259924362133323e-03 -4.997505718802757596e-02
8.378378378378378954e+01 -2.785643228704391336e-03 -4.103299166479484200e-02
8.388388388388388250e+01 -1.400054549909246493e-02 -3.212649070255442496e-02
8.398398398398398967e+01 -2.517058184105593413e-02 -2.325544781892497151e-02
8.408408408408408263e+01 -3.629588684905454832e-02 -1.441975681518120611e-02
8.418418418418418980e+01 -4.737659475865468872e-02 -5.619311775545266126e-03
8.428428428428428276e+01 -5.841283944742045597e-02 3.145992933520232702e-03
8.438438438438438993e+01 -6.940475443581792248e-02 1.187626266401753568e-02
8.448448448448448289e+01 -8.035247288810186406e-02 2.057160248711723330e-02
8.458458458458459006e+01 -9.125612761320787969e-02 2.923211719386024574e-02
8.468468468468468302e+01 -1.021158510656410973e-01 3.785791129585788090e-02
8.478478478478479019e+01 -1.129317753463626728e-01 4.644908902599054201e-02
8.488488488488488315e+01 -1.237040322036739026e-01 5.500575433910568496e-02
8.498498498498499032e+01 -1.344327530340986288e-01 6.352801091270815492e-02
8.508508508508508328e+01 -1.284912303254499011e-01 7.201596214766091408e-02
8.518518518518519045e+01 -1.173020289703341906e-01 8.046971116887220721e-02
8.528528528528528341e+01 -1.061570657563908199e-01 8.888936082598671018e-02
8.538538538538539058e+01 -9.505620849725758548e-02 9.727501369407426379e-02
8.548548548548549775e+01 -8.399932535834492286e-02 1.056267720743166993e-01
8.558558558558559071e+01 -7.298628485596374282e-02 9.909479720340384767e-02
8.568568568568569788e+01 -6.201695585643974412e-02 9.038448870559903647e-02
8.578578578578579084e+01 -5.109120757524569789e-02 8.170862140357468273e-02
8.588588588588589801e+01 -4.020890957612786171e-02 7.306709238109856952e-02
8.598598598598599096e+01 -2.936993177023601923e-02 6.445979899582393591e-02
8.608608608608609813e+01 -1.857414441525563620e-02 5.588663887860448320e-02
8.618618618618619109e+01 -7.821418114542148456e-03 4.734750993281702097e-02
8.628628628628629826e+01 2.888376183742729156e-03 3.884231033367355895e-02
8.638638638638639122e+01 1.355536718749259829e-02 3.037093852754733578e-02
8.648648648648649839e+01 2.417968326151591699e-02 2.193329323129418473e-02
8.658658658658659135e+01 3.476145242839347171e-02 1.352927343157689019e-02
8.668668668668669852e+01 4.530080236933526489e-02 5.158778384191126977e-03
8.678678678678679148e+01 5.579786042502795501e-02 -3.178292386607000416e-03
8.688688688688689865e+01 6.625275359649508700e-02 -1.148203908877179664e-02
8.698698698698699161e+01 7.666560854594037244e-02 -1.975256166313719280e-02
8.708708708708709878e+01 8.703655159759647597e-02 -2.798995978408436516e-02
8.718718718718719174e+01 9.736570873857020025e-02 -3.619433286020776880e-02
8.728728728728729891e+01 1.076532056196855408e-01 -4.436578003497957529e-02
8.738738738738739187e+01 1.178991675563250685e-01 -5.250440018741354964e-02
8.748748748748749904e+01 1.281037195292688280e-01 -6.061029193272183396e-02
8.758758758758759200e+01 1.219866009323985895e-01 -6.868355362298141087e-02
8.768768768768769917e+01 1.113440440407679616e-01 -7.672428334778752523e-02
8.778778778778779213e+01 1.007435649603618394e-01 -8.473257893491145665e-02
8.788788788788789930e+01 9.018503795910139120e-02 -9.270853795095528038e-02
8.798798798798799226e+01 7.966833763950538494e-02 -1.006522577020053100e-01
8.808808808808809943e+01 6.919333893786086542e-02 -9.407658449409499191e-02
8.818818818818819238e+01 5.875991712338076572e-02 -8.579181510760332252e-02
8.828828828828829955e+01 4.836794779737834532e-02 -7.753980501190578523e-02
8.838838838838839251e+01 3.801730689243641714e-02 -6.932045631587653578e-02
8.848848848848849968e+01 2.770787067157975611e-02 -6.113367138890305613e-02
8.858858858858859264e+01 1.743951572744969689e-02 -5.297935286023578577e-02
8.868868868868869981e+01 7.212118981480664104e-03 -4.485740361833814166e-02
8.878878878878879277e+01 -2.974442316921362302e-03 -3.676772681024360195e-02
8.888888888888889994e+01 -1.312029059119836950e-02 -2.871022584090320712e-02
8.898898898898899290e+01 -2.322554793845789389e-02 -2.068480437254579737e-02
8.908908908908910007e+01 -3.329033613028860306e-02 -1.269136632403416662e-02
8.918918918918919303e+01 -4.331477661357400338e-02 -4.729815870223953722e-03
8.928928928928930020e+01 -5.329899051130549542e-02 3.199942558675999450e-03
8.938938938938939316e+01 -6.324309862338645116e-02 1.109800427774174092e-02
8.948948948948950033e+01 -7.314722142744864430e-02 1.896446434797075670e-02
8.958958958958959329e+01 -8.301147907965227002e-02 2.679941757691698886e-02
8.968968968968970046e+01 -9.283599141549142564e-02 3.460295851932435052e-02
8.978978978978979342e+01 -1.026208779505961427e-01 4.237518147775870547e-02
8.988988988988990059e+01 -1.123662578815323027e-01 5.011618050323946721e-02
8.998998998998999355e+01 -1.220722500865999843e-01 5.782604939586400566e-02
9.009009009009010072e+01 -1.158108353178677052e-01 6.550488170544191413e-02
9.019019019019019368e+01 -1.056882167876819767e-01 7.315277073211640113e-02
9.029029029029030085e+01 -9.560562123652895095e-02 8.076980952698985250e-02
9.039039039039039380e+01 -8.556292907146864635e-02 8.835609089274683303e-02
9.049049049049050097e+01 -7.556002101782263725e-02 9.591170738427533260e-02
9.059059059059059393e+01 -6.559677811838494910e-02 8.931216578495387859e-02
9.069069069069070110e+01 -5.567308173262070642e-02 8.143214595861808514e-02
9.079079079079079406e+01 -4.578881353588118430e-02 7.358328565240039587e-02
9.089089089089090123e+01 -3.594385551861327410e-02 6.576549175491964994e-02
9.099099099099099419e+01 -2.613808998557246369e-02 5.797867140258881891e-02
9.109109109109110136e+01 -1.637139955503777097e-02 5.022273197899646685e-02
9.119119119119119432e+01 -6.643667158028345419e-03 4.249758111428827978e-02
9.129129129129130149e+01 3.045223962477870520e-03 3.480312668455579767e-02
9.139139139139139445e+01 1.269539025232364719e-02 2.713927681121554650e-02
9.149149149149150162e+01 2.230694784695019112e-02 1.950593986040061525e-02
9.159159159159159458e+01 3.188001257217288470e-02 1.190302444234826902e-02
9.169169169169170175e+01 4.141469994495523138e-02 4.330439410790086138e-03
9.179179179179179471e+01 5.091112517418226041e-02 -3.211906137656473075e-03
9.189189189189190188e+01 6.036940316142540286e-02 -1.072410286409491119e-02
9.199199199199199484e+01 6.978964850171882894e-02 -1.820624118795527088e-02
9.209209209209210201e+01 7.917197548432074183e-02 -2.565841128759809367e-02
9.219219219219219497e+01 8.851649809347932052e-02 -3.308070310091702770e-02
9.229229229229230214e+01 9.782333000919553323e-02 -4.047320632593989775e-02
9.239239239239239510e+01 1.070925846079842786e-01 -4.783601042142952148e-02
9.249249249249250227e+01 1.163243749636334035e-01 -5.516920460747776200e-02
9.259259259259259522e+01 1.099473264636368353e-01 -6.247287786610848659e-02
9.269269269269270239e+01 1.003192449081112825e-01 -6.974711894186894079e-02
9.279279279279279535e+01 9.072923184529596563e-02 -7.699201634242462677e-02
9.289289289289290252e+01 8.117717352163340838e-02 -8.420765833915187792e-02
9.299299299299299548e+01 7.166295648629017467e-02 -9.139413296772894157e-02
9.309309309309310265e+01 6.218646759039975908e-02 -8.478872112197008426e-02
9.319319319319319561e+01 5.274759398631386625e-02 -7.729367696949986100e-02
9.329329329329330278e+01 4.334622312684209555e-02 -6.982827068982778995e-02
9.339339339339339574e+01 3.398224276450700909e-02 -6.239241371793613489e-02
9.349349349349350291e+01 2.465554095079406510e-02 -5.498601772450318476e-02
9.359359359359359587e+01 1.536600603540478997e-02 -4.760899461531459959e-02
9.369369369369370304e+01 6.113526665511790845e-03 -4.026125653067550575e-02
9.379379379379379600e+01 -3.102008214984533063e-03 -3.294271584482886400e-02
9.389389389389390317e+01 -1.228070936619744986e-02 -2.565328516536490716e-02
9.399399399399399613e+01 -2.142268725299358717e-02 -1.839287733264252309e-02
9.409409409409410330e+01 -3.052805204573082881e-02 -1.116140541920669117e-02
9.419419419419419626e+01 -3.959691362099449635e-02 -3.958782729208402962e-03
9.429429429429430343e+01 -4.862938156233295034e-02 3.215077202174019926e-03
9.439439439439439639e+01 -5.762556516098513854e-02 1.036026060931223222e-02
9.449449449449450356e+01 -6.658557341661912321e-02 1.747685349670377586e-02
9.459459459459459651e+01 -7.550951503805602982e-02 2.456494163954662038e-02
9.469469469469470368e+01 -8.439749844399870027e-02 3.162461058431231126e-02
9.479479479479479664e+01 -9.324963176375734852e-02 3.865594564931777721e-02
9.489489489489490381e+01 -1.020660228379732665e-01 4.565903192529566224e-02
9.499499499499499677e+01 -1.108467792193411905e-01 5.263395427596443549e-02
9.509509509509510394e+01 -1.043803050416584749e-01 5.958079733859211052e-02
9.519519519519519690e+01 -9.522260004800070510e-02 6.649964552456845424e-02
9.529529529529530407e+01 -8.610110450630155399e-02 7.339058301996589928e-02
9.539539539539539703e+01 -7.701571021726551225e-02 8.025369378610432147e-02
9.549549549549550420e+01 -6.796630926954105867e-02 8.708906156011314570e-02
9.559559559559559716e+01 -5.895279403900045845e-02 8.049407739479043367e-02
9.569569569569570433e+01 -4.997505718802757596e-02 7.336520107491389942e-02
9.579579579579579729e+01 -4.103299166479484200e-02 6.626451528878885000e-02
9.589589589589590446e+01 -3.212649070255442496e-02 5.919193579577506498e-02
9.599599599599599742e+01 -2.325544781892497151e-02 5.214737857942074173e-02
9.609609609609610459e+01 -1.441975681518120611e-02 4.513075984690274878e-02
9.619619619619619755e+01 -5.619311775545266126e-03 3.814199602846723991e-02
9.629629629629630472e+01 3.145992933520232702e-03 3.118100377687648903e-02
9.639639639639639768e+01 1.187626266401753568e-02 2.424769996684722137e-02
9.649649649649650485e+01 2.057160248711723330e-02 1.734200169450018925e-02
9.659659659659659781e+01 2.923211719386024574e-02 1.046382627680600766e-02
9.669669669669670498e+01 3.785791129585788090e-02 3.613091251033491436e-03
9.679679679679679793e+01 4.644908902599054201e-02 -3.210285625800827613e-03
9.689689689689690510e+01 5.500575433910568496e-02 -1.000638637748184692e-02
9.699699699699699806e+01 6.352801091270815492e-02 -1.677529280914363471e-02
9.709709709709710523e+01 7.201596214766091408e-02 -2.351708650781595550e-02
9.719719719719719819e+01 8.046971116887220721e-02 -3.023184884296937699e-02
9.729729729729730536e+01 8.888936082598671018e-02 -3.691966096705925210e-02
9.739739739739739832e+01 9.727501369407426379e-02 -4.358060381606817385e-02
9.749749749749750549e+01 1.056267720743166993e-01 -5.021475811004823958e-02
9.759759759759759845e+01 9.909479720340384767e-02 -5.682220435365718109e-02
9.769769769769770562e+01 9.038448870559903647e-02 -6.340302283670275207e-02
9.779779779779779858e+01 8.170862140357468273e-02 -6.995729363467630135e-02
9.789789789789790575e+01 7.306709238109856952e-02 -7.648509660928969056e-02
9.799799799799799871e+01 6.445979899582393591e-02 -8.298651140901028289e-02
9.809809809809810588e+01 5.588663887860448320e-02 -7.641667573417622317e-02
9.819819819819819884e+01 4.734750993281702097e-02 -6.963607825494494419e-02
9.829829829829830601e+01 3.884231033367355895e-02 -6.288229464991508533e-02
9.839839839839839897e+01 3.037093852754733578e-02 -5.615524479167682825e-02
9.849849849849850614e+01 2.193329323129418473e-02 -4.945484876606315999e-02
9.859859859859859910e+01 1.352927343157689019e-02 -4.278102687161736833e-02
9.869869869869870627e+01 5.158778384191126977e-03 -3.613369961906186256e-02
9.879879879879879923e+01 -3.178292386607000416e-03 -2.951278773076742440e-02
9.889889889889890640e+01 -1.148203908877179664e-02 -2.291821214022823558e-02
9.899899899899899935e+01 -1.975256166313719280e-02 -1.634989399152900549e-02
9.909909909909910652e+01 -2.798995978408436516e-02 -9.807754638822567886e-03
9.919919919919919948e+01 -3.619433286020776880e-02 -3.291715645804142547e-03
9.929929929929930665e+01 -4.436578003497957529e-02 3.198301214812214206e-03
9.939939939939939961e+01 -5.250440018741354964e-02 9.662373961815936066e-03
9.949949949949950678e+01 -6.061029193272183396e-02 1.610058040602099436e-02
9.959959959959959974e+01 -6.868355362298141087e-02 2.251299815078571659e-02
9.969969969969970691e+01 -7.672428334778752523e-02 2.889970459253129662e-02
9.979979979979979987e+01 -8.473257893491145665e-02 3.526077692125916679e-02
9.989989989989990704e+01 -9.270853795095528038e-02 4.159629212106705221e-02
1.000000000000000000e+02 -1.006522577020053100e-01 4.790632697066376372e-02
